Date,Mean Return,Index Return,Strategy Wealth,Index Wealth
2014-01-09,0.0033870560850300015,-0.02156078592542253,1.00338705608503,0.9784392140745775
2014-01-16,-0.002148203441784153,0.016058417745036357,1.0012315765577064,0.9941513997123121
2014-01-23,0.004897486316656935,0.002734803555244593,1.0061350945037026,0.9968702084946968
2014-01-30,-0.024364281501414835,-0.04650757155315947,0.9816213358327619,0.9505081959439167
2014-02-06,0.006914263091366566,0.00034923169028144147,0.9884085240048083,0.9508401435278124
2014-02-13,-0.00429365465905172,-0.0069655711269596765,0.9841646391406685,0.9442169988777008
2014-02-20,0.006886611752553701,0.014547828707268985,0.9909421989110224,0.9579533060398652
2014-02-28,0.0420056326714628,0.02894246159431045,1.0325673529171304,0.9856788328090667
2014-03-07,0.016302714597956094,0.03866446429430543,1.0494010037749055,1.0237895768458656
2014-03-14,-0.0051763757113372985,-0.004199604743082975,1.043968909907512,1.0194900652830248
2014-03-21,0.016323217959430227,0.002465269163979105,1.061009841966801,1.02200338270395
2014-03-28,0.03515830824353115,0.033578222875261056,1.09831315304009,1.056320440067654
2014-04-04,-0.0023873079838970463,0.004040343578846557,1.0956911412810182,1.0605883375748857
2014-04-11,0.0002378106073572001,0.014754977942053178,1.0959517082568022,1.076237295101402
2014-04-21,-0.0008229613812850024,0.005111182915724124,1.0950497823251535,1.0817381407773896
2014-04-28,0.010763667125697492,-0.005304380863313451,1.106836533668169,1.0760001896843339
2014-05-05,-0.00867763626021819,-0.011061979403857763,1.0972318088294757,1.0640974977474986
2014-05-12,0.018064607101779078,0.04275230993196473,1.1170528703555547,1.1095901237690278
2014-05-19,0.0004995762132415475,0.04839307083024671,1.1176109233985176,1.1632865972211246
2014-05-26,0.03866621834498617,0.01716195833842895,1.1608247113873864,1.1832508733382865
2014-06-02,0.009149620613429825,0.0028855402372554577,1.171445817095275,1.1866651913440718
2014-06-09,0.0401644475284089,0.04550298380221659,1.2184962911483723,1.2406619983244553
2014-06-16,0.0016449646802253457,-0.021480990724696815,1.2205006745102969,1.214011349445964
2014-06-23,0.005058345503681073,-0.0040623942084841306,1.2266743886094456,1.2090795567709407
2014-06-30,0.036720247264963424,0.02106157667668981,1.2717181754727822,1.23454467856409
2014-07-07,0.03457237372747528,0.023751296398253543,1.3156844915112502,1.2638667151415524
2014-07-14,-0.04624225806669189,-0.05012757016358999,1.2548442697204427,1.2005121477008682
2014-07-21,0.025669721008481614,0.0329435929846737,1.2870557720332583,1.240061331267882
2014-07-28,-0.002249631457593333,0.002243467176545617,1.2841603708808151,1.2428433681614852
2014-08-04,0.004956250185741376,-0.00428611400808902,1.290524990957515,1.2375163997913479
2014-08-11,0.0025476058299712676,-0.008749632770887354,1.293812739948202,1.226688585745223
2014-08-18,0.01829265590040397,0.02995979588680996,1.3174800111996332,1.2634399253908293
2014-08-25,0.029587018913662902,0.005167085788637438,1.3564603172093694,1.2699682278741133
2014-09-01,0.011124916802300525,0.0167907196733963,1.3715508253839457,1.2912919083824674
2014-09-08,0.029290021300721808,0.020320475939822013,1.4117235782744642,1.3175315745380403
2014-09-15,0.00920557263072653,-0.009166056795959212,1.424719302208779,1.305455005295355
2014-09-22,0.01637512604950284,0.006599101553513264,1.4480492603676074,1.3140698354488412
2014-09-29,-0.0036266683056097497,-0.024803926285906837,1.4427976660100705,1.2814757441158342
2014-10-07,-0.013653209247021816,-0.013765881337116117,1.4230988475749202,1.263835101085943
2014-10-14,-0.01064490830985474,0.002376366410686145,1.4079500908266251,1.2668384363688099
2014-10-21,0.005207559083175967,0.008035536035136822,1.4152820741107677,1.2770181622749477
2014-10-28,0.019253882532292186,0.01307124820517892,1.4425317489157552,1.2937103836365649
2014-11-05,0.029715391259077132,0.038756659009823655,1.4853971442384275,1.3438502758326354
2014-11-12,0.030351505404267197,0.00956290580596585,1.5304811836892631,1.3567013894377442
2014-11-19,0.02351043185016651,0.0025399340549232883,1.5664634572563516,1.3601473214991389
2014-11-26,-0.0038902993421165077,0.005671319162783045,1.5603694454991377,1.367861151067765
2014-12-03,0.019245184121836425,0.015334835615646933,1.5903990427758563,1.3888370769644187
2014-12-10,-0.017783472342486065,-0.021431335503403186,1.5621162253851355,1.3590724436084285
2014-12-17,-0.03915560030794091,-0.0430919177938799,1.5009506268294057,1.3005074055925265
2014-12-24,0.022113051135876333,0.02289909327369517,1.5341412247929098,1.3302878459763212
2014-12-31,0.01784490891067368,0.017918676774638313,1.5615178352054484,1.3541248439056006
2015-01-09,0.0006477535424173967,-0.0013047378292425213,1.5625293139147507,1.3523580659962398
2015-01-16,0.035032048659999274,0.027610260238659118,1.6172679168724875,1.389697024134246
2015-01-23,0.022557781663578667,0.03196512895023615,1.6537498934328079,1.4341188687124564
2015-01-30,0.010646869255256142,-0.000791974656811062,1.6713571523290807,1.4329830829135817
2015-02-06,-0.0154964161123253,-0.019297666226331934,1.6454571064242782,1.4053298536715353
2015-02-13,0.021794984167437637,0.02017129323021304,1.681319818006993,1.433677174235116
2015-02-20,-0.00509083602427496,0.003873068967034982,1.6727604945091556,1.4392299048073924
2015-02-27,-0.0040099164124674895,0.0007672410013591126,1.666052864748096,1.4403341410007429
2015-03-09,0.02371305150249114,-0.006823209865726359,1.7055600621357405,1.430506438879924
2015-03-16,-0.02234824517650583,-0.013177773121753803,1.6674437877038746,1.4116555495791563
2015-03-23,0.010862090068643377,-0.010414804219560043,1.685555712310314,1.396953433404834
2015-03-30,-0.007705029522657721,-0.004991192014092859,1.6725684557848786,1.389980970583964
2015-04-06,0.023337682439102857,0.02146083482760973,1.711602327263647,1.4198111226071872
2015-04-13,0.019618977328378546,0.022332092661518803,1.7451822145174325,1.4515184761591058
2015-04-20,-0.049823354483512425,-0.04560126066402221,1.6582313824052093,1.38532740376913
2015-04-27,-0.03083922128884521,-0.03181543857251844,1.6070928178551074,1.3412526048516868
2015-05-04,0.01970833024648994,0.020511614231108456,1.638765933846158,1.368763860868874
2015-05-11,-0.0004801836474440502,-0.003814726457605869,1.6379790252427366,1.3635424011546027
2015-05-18,0.026687667616254792,0.010747587866447797,1.6816928650308118,1.378197192920639
2015-05-25,0.004067781109050681,-0.00018313550883060695,1.6885336234984094,1.3779447960764444
2015-06-01,0.005486031843230813,0.0070405604973039805,1.6977969727252875,1.387646299775166
2015-06-08,-0.03980876962436444,-0.04725689470931959,1.6302097641691233,1.322070444692914
2015-06-15,-0.0030250038837968066,-0.004474459783555465,1.6252783733011082,1.3161548936571081
2015-06-22,0.041164747858463226,0.04397487834695683,1.6921825477378616,1.3740326449914315
2015-06-29,-0.0003678482935931868,-0.006624341297084935,1.691560081275228,1.364930583797672
2015-07-06,0.025077495678151016,0.027945357464808182,1.7339801719027403,1.4030740568765472
2015-07-13,-0.002205437788194867,-0.004901960784313766,1.7301559865076455,1.3961962428722503
2015-07-20,0.019904603145971988,0.01772721109956179,1.7645940547997079,1.4209469084060617
2015-07-27,-0.018735050117449668,-0.02784284556546078,1.7315342967460816,1.3813837030785927
2015-08-03,0.022556452312618276,0.023844054402813907,1.7705915675382977,1.4143214912459594
2015-08-10,0.006329407950452006,0.0025987931784466657,1.781798363882878,1.4179970202895398
2015-08-17,-0.0023059243158522437,-0.0070419401490710055,1.7776896717096549,1.4080115701410998
2015-08-24,-0.05382510422952551,-0.08462081405379981,1.6820053398421317,1.288864484878591
2015-08-31,0.020927115849321828,0.02609419367472838,1.717204860448186,1.322496364367492
2015-09-07,-0.04030371834845235,-0.05244763586048961,1.647995119406089,1.2531345566223244
2015-09-14,0.02524000092284969,0.041931544959025215,1.6895905177407504,1.3056804246230416
2015-09-21,0.015786722341839664,0.00985864443639004,1.716263614115729,1.318552663676955
2015-09-28,-0.007662212423033678,-0.020493862608570834,1.7031132377304508,1.2915304265453942
2015-10-05,0.03225599246207787,0.04235828661463488,1.758048845488749,1.3462374425245256
2015-10-12,-0.0034006774876545274,0.0012186405127663884,1.7520702883576984,1.347878022011789
2015-10-19,0.01205036122177749,0.015261279185440884,1.7731833682183524,1.3684483648136307
2015-10-26,-0.001464064167895351,-0.003815605943584406,1.770587313985836,1.3632269050993595
2015-11-02,-0.013153350740108406,-0.021534865421555527,1.747298158028994,1.3338699971590011
2015-11-09,-0.015364221497230648,-0.014948496280615614,1.7204522821073334,1.313930646467645
2015-11-16,-0.020643100776694196,-0.015139327434478114,1.6849368122662982,1.294038620184576
2015-11-23,0.02100992170237171,0.00948410376438454,1.720337202765457,1.3063114167335275
2015-11-30,0.0010610310076527647,0.009986716580123262,1.72216253388121,1.3193571786178244
2015-12-07,-0.003950089992593271,-0.01758790965720917,1.7153598368905068,1.2961524437547038
2015-12-14,-0.012158209831483368,-0.017415962807000505,1.6945041320570928,1.2735787010020692
2015-12-21,0.02382638239245229,0.02611011333374612,1.7348780354730755,1.3068319852246781
2015-12-28,0.004699102703180234,0.010984633584008306,1.743030405539255,1.3211870557382333
2016-01-01,0.0028962779543324473,0.007474359127434285,1.7480787060765495,1.3310620822673382
2016-01-11,-0.03372022091197984,-0.043237197791738013,1.6891331059361205,1.2735106877432627
2016-01-18,-0.0422559935496204,-0.041211729300867965,1.6177571083072335,1.2210271100182253
2016-01-25,-0.0025352257571922103,0.0125421530479896,1.6136557288173723,1.2363414189078183
2016-02-01,0.02534228468607427,0.01688293389012005,1.6545494516823767,1.2572144893488562
2016-02-08,-0.011006460500031527,-0.020205328462555853,1.6363387184970857,1.2318120576436782
2016-02-15,-0.02413556635577821,-0.03263007675396307,1.5968447567762702,1.1916179356563077
2016-02-22,0.00762632811837536,0.005635075688103828,1.6090228188455533,1.1983327929150331
2016-02-29,-0.04021837277994201,-0.03257694900022467,1.5443105393057897,1.1592947666349434
2016-03-08,0.04619886883098094,0.07091336302286828,1.6156559393454792,1.2415042572718384
2016-03-15,0.007450687991163377,-0.003903409743216915,1.6276936876506123,1.2366581574577582
2016-03-22,0.03140510828349137,0.03280955856928808,1.6788115841636353,1.2772323657050564
2016-03-29,-0.005861487903022619,-0.015449664595965164,1.6689712503716059,1.257499554043802
2016-04-05,0.021178381005700138,0.003992292482651766,1.7043173593995358,1.2625198600603493
2016-04-12,0.021427241687213137,0.01614400401404915,1.7408361793711027,1.2829019857489805
2016-04-20,0.010348657307860802,0.02661498389028102,1.75885149642054,1.317046401432499
2016-04-27,0.004377797689432197,0.007419164772795682,1.7665513924376242,1.3268177856981442
2016-05-04,-0.008718516823929904,-0.031391740272141325,1.75114968440232,1.2851666663810504
2016-05-11,0.014564444521006189,0.01703019100431309,1.7766542068287752,1.307053300181896
2016-05-18,-0.009399269624275938,0.0034774390539425806,1.7599549549096873,1.311598498373533
2016-05-25,0.015579296663704277,0.0028978857508542726,1.7873738152669816,1.3153993609728116
2016-06-01,0.02128180241910432,0.02925631177837441,1.8254123516525742,1.3538830947905067
2016-06-08,0.00963077831400486,0.011790990653768449,1.8429924933429864,1.369846717707477
2016-06-15,-0.0044673458517237065,-0.006728557059782504,1.8347592084730928,1.3606296259042263
2016-06-22,0.005270215160551817,0.0006168887854273727,1.84442878426955,1.361468983061567
2016-06-29,0.01025152592618894,0.003408244928345558,1.8633369937704982,1.3661092028181863
2016-07-07,0.025901651443401796,0.020101784120286067,1.911600499104738,1.3935704350979734
2016-07-14,0.010358481242872272,0.025342348997102106,1.9314017770185796,1.4288867834162697
2016-07-21,0.003824853068580077,-0.004677195899141117,1.93878910503207,1.4222036000125382
2016-07-28,0.02573333381024641,0.021079473959667396,1.988680612259529,1.4521829037643477
2016-08-04,-0.006458567346862769,-0.01246510207642657,1.9758365845938506,1.4340812956352835
2016-08-11,-0.0033648962350592187,0.005875012423663571,1.9691880995092585,1.4425065410636844
2016-08-18,0.010881852407986009,0.013427018718779082,1.990616513771681,1.4618751033925077
2016-08-25,-0.009455292463904521,-0.007615807947306764,1.9717946524504917,1.4507417433621212
2016-09-01,0.010770725196518971,0.01897276349544231,1.9930323107960015,1.4782663233518967
2016-09-08,0.0106897370977431,0.02219770095240144,2.014337302225718,1.511080437125668
2016-09-15,-0.022046532653120312,-0.024293874128805668,1.9699281491178005,1.4743704391876364
2016-09-22,0.013247294333802433,0.014941405201026728,1.9960243671256066,1.4963996053359547
2016-09-29,-0.030837386630979624,-0.031178562357124563,1.9344721919916978,1.449744016929811
2016-10-06,0.03117690191635035,0.024382250770138177,1.9947830417813304,1.485092039103101
2016-10-13,-0.008640686076870994,-0.01612387228869398,1.9775467477258322,1.4611466047276467
2016-10-20,0.007688818620713856,0.015477661442413915,1.9927517459830786,1.4837617371933538
2016-10-27,-0.010357764800294041,-0.01209307289998925,1.9721112920928106,1.46581849833926
2016-11-03,-0.008166952895481382,-0.015060989444342561,1.9560051520656416,1.4437418214084503
2016-11-10,-0.014122808474882618,0.002040301438083473,1.928380865927135,1.4466874899228912
2016-11-17,-0.06382787022096587,-0.05707780052326787,1.8052964222801442,1.3641137499535654
2016-11-24,-0.008737043274628967,-0.010344227085389257,1.7895234693151496,1.3500030475537437
2016-12-01,0.03316609589309174,0.029081225658110794,1.848874976301394,1.3892627908187913
2016-12-08,0.0029524640061539993,0.007740273360464355,1.8543337131208029,1.4000160645892503
2016-12-15,-0.018490676707271676,-0.014196511391144995,1.8200458279240914,1.3801407205805232
2016-12-22,-0.016999603762735148,-0.024464410708343456,1.7891057700193627,1.3463763911569322
2016-12-29,0.013777972934358545,0.015232606010703994,1.8137560208953942,1.3668852122655393
2017-01-02,0.013149921108735531,0.011435523114355315,1.8376067694806628,1.3825162597050722
2017-01-10,0.0010221568645799523,0.015018687636442563,1.8394850918544858,1.4032798395618857
2017-01-17,0.0007793462499733946,0.015393277405551572,1.8409186876627046,1.4248809154098798
2017-01-24,0.010943052534597656,0.00987002617220423,1.8610639575737202,1.4389445273372496
2017-01-31,-0.0007357521805683471,0.009004853835848103,1.8596946757087582,1.4519020124838151
2017-02-07,0.004966248949306751,0.0283842319496745,1.8689303824380281,1.493113135974355
2017-02-14,0.010780206609200621,0.001545137051539884,1.8890778380989224,1.4954202004028898
2017-02-21,0.01651942413191055,0.01593473942262979,1.9202843161246714,1.5192493316236466
2017-02-28,-0.0007630668499538167,-0.0029122982193376602,1.9188190108205503,1.514824824500429
2017-03-07,0.012674822168496611,0.0034841024785111866,1.9431397005562314,1.5201026294259814
2017-03-14,0.013451821099284387,0.013493004012557548,1.969278468179031,1.5406133803043256
2017-03-21,0.005745754258224261,0.00828751948797892,1.9805934583231999,1.553381243717039
2017-03-28,0.00029800515073325753,-0.00035603841145833337,1.9811836853752889,1.5528281803266366
2017-04-05,0.016031551432241786,0.02012842300216763,2.0129451335241013,1.5840841627899374
2017-04-12,-0.009352605776181125,-0.0028030764012888527,1.994118851241168,1.5796438538555655
2017-04-19,-0.009659915382261653,-0.008662945401436525,1.9748558318760057,1.5659594853959
2017-04-26,0.006721041527535714,0.026700302724520723,1.9881289199329402,1.6077710777103051
2017-05-03,0.003499930973090026,-0.001572543392369233,1.9950872339183097,1.6052427879256095
2017-05-10,0.0138251272529721,0.01074951272813172,2.0226695688080105,1.6224983657061574
2017-05-17,0.006223710591556375,0.009661271158378693,2.0352580788266197,1.6381737623712709
2017-05-24,-0.021733766095826085,-0.030259477187228778,1.9910242557967615,1.5886034807800806
2017-05-31,0.020305444266734467,0.029433121462604465,2.031452887856559,1.635361039985797
2017-06-07,0.013684660120203756,0.008019943570517527,2.059252630177083,1.648476543243906
2017-06-14,-0.0055740097878420915,-0.002636069093767374,2.0477743358608365,1.6441310451764601
2017-06-21,0.010359220955406161,0.0022201505089044895,2.068987682672829,1.6477812635531144
2017-06-28,-0.01705808995352049,-0.017836935882928326,2.03369470466907,1.618389894806027
2017-07-05,0.011342133687246408,0.019186080571774494,2.0567611418884715,1.649440453724321
2017-07-12,0.013725530639686522,0.01678434227795721,2.0849912799599783,1.6771252268667391
2017-07-19,0.012870678460960993,0.009629245771894354,2.1118265323182506,1.693274677866483
2017-07-26,0.007217472426105755,0.010302640051513165,2.127068582083976,1.7107198773808832
2017-08-02,-6.6776221759461e-05,0.005292764707512334,2.126926544480641,1.7197743151723244
2017-08-09,-0.003708598799072151,-0.01612547549479023,2.1190386272520656,1.6920421365964433
2017-08-16,0.0008260729639011096,6.537229522135317e-05,2.120789107771501,1.6921527492745239
2017-08-23,-0.009517360099945539,-0.00646209588555,2.1006047941367973,1.6812178959557147
2017-08-30,0.004790278758745354,0.007810590822790793,2.1106672766626695,1.694349201024978
2017-09-06,0.011209374576323552,0.006481697365353229,2.13432653677277,1.70533145977725
2017-09-13,0.010721288009030569,0.01590066716085993,2.157209266278828,1.7324473677181114
2017-09-20,0.003981331336222587,0.007369842022693209,2.1657978311294537,1.7452152311308247
2017-09-27,-0.025400826949826115,-0.045244648871826346,2.1107847752126254,1.6662535807925474
2017-10-04,0.015205057741864701,0.020237654935654843,2.1428793796003824,1.6999746457959264
2017-10-11,0.00420903207802521,0.00864464914808377,2.151898827648459,1.7146703301694703
2017-10-18,0.020598878457119472,0.02185953497802056,2.1962255300512075,1.7521522262275842
2017-10-25,-0.0048814036905966566,0.008856181741114574,2.185504866643433,1.7676696047811542
2017-11-01,0.011358265609324802,0.01755687659232107,2.210328411409241,1.7987043618882939
2017-11-08,0.00450253959587537,-0.013212801658628261,2.2202805026014993,1.7749384379121542
2017-11-15,0.003979829219011708,-0.01570442911195189,2.2291168398201546,1.7470640430358841
2017-11-22,0.011433517326197863,0.02376968370401853,2.254603485830358,1.7885912027495108
2017-11-29,0.0037857559157601786,0.0041258426172155185,2.263138864314534,1.7959706485585913
2017-12-06,-0.014547110304264846,-0.028806222284789157,2.2302167336214818,1.7442355188392558
2017-12-13,0.01672934029459095,0.013127140294613218,2.2675267882889267,1.767132343201906
2017-12-20,0.014927622894289217,0.027765109853260722,2.3013755730872023,1.8161969668361568
2017-12-27,0.007120366654979625,0.006699380524813809,2.317762210978397,1.8283643614250051
2018-01-02,0.002127042538429192,-0.0032150450279156417,2.322692189795112,1.8224860876755875
2018-01-10,0.007206984395533717,0.01711896906147979,2.3394317961625934,1.853685170625483
2018-01-17,0.008674982747280818,0.007905910326086988,2.3597263266327437,1.8683402393572455
2018-01-24,0.009593567034102109,0.02057443277080814,2.3823645193294305,1.9067802800048967
2018-01-31,-0.0019478705788137287,-0.012787597104009613,2.377723981574219,1.8823971420183236
2018-02-07,-0.036788149040706895,-0.05086800909820706,2.2902519173624034,1.7866433470716965
2018-02-14,0.012321995966001418,0.009762028528382946,2.3184723922492703,1.804084610395856
2018-02-21,-0.01507416075768606,-0.015243130993202882,2.283523366696248,1.7765847123567708
2018-02-28,0.009889355006655678,0.009994506565540151,2.3061059399355006,1.794340799928659
2018-03-07,-0.014963378870598024,-0.03434511799280639,2.271598803040509,1.7327139534358025
2018-03-14,0.00957103670351369,0.025019305019304987,2.293340358560068,1.7760652523480187
2018-03-21,-0.012036550583963681,-0.02221946485389385,2.2657364513280145,1.7366020328952498
2018-03-28,-0.0012535171482999908,-0.0030365656895270207,2.2628963118327463,1.7313287267457973
2018-04-04,0.008210287176530518,0.005691581732386422,2.2814753404036052,1.7411827256996995
2018-04-11,0.018497709369078335,0.029056259210038737,2.3236774081831104,1.7917749823096718
2018-04-18,0.017493375049558675,0.00959350593444428,2.364326368578644,1.8089643862356484
2018-04-25,0.00627875791268628,0.00462064584620475,2.37917140147353,1.8173229700128406
2018-05-02,0.006278113555751141,0.010420095279341643,2.394108109700576,1.8362596485137106
2018-05-09,-0.012771328924411688,-0.0024945779362724103,2.3635321675509884,1.831678955709261
2018-05-16,0.012519491092695668,-0.007064161839775934,2.3931223874699423,1.818739679127619
2018-05-23,-0.012875557183306472,-0.02815475160117702,2.362309603323422,1.7675335152345766
2018-05-30,0.022620249377977533,0.020340734011951484,2.415745635658589,1.8034864443251726
2018-06-06,0.002920414999818459,-0.0005935184296201562,2.4228006154487125,1.8024160418828954
2018-06-13,0.012083359836683322,0.018147996122372435,2.4520761870977172,1.8351262812218883
2018-06-20,-0.0070278260242311544,-0.010602070663315666,2.4348434222566344,1.8156701427122661
2018-06-27,0.002588440280503238,-0.013073822012224134,2.4411458690475216,1.7919323944335364
2018-07-04,0.010803029072017292,0.007422894138109753,2.467517638839877,1.8052337189000662
2018-07-11,0.015429818058689896,0.015835091819117082,2.5055909870637842,1.833819760593815
2018-07-18,-0.004336956788843727,-0.004875620182320664,2.4947243472223724,1.8248787519583252
2018-07-25,0.0030739349376930443,0.01866643664280166,2.502392967553213,1.8589427355625503
2018-08-01,0.012458604204856784,0.021465950852710552,2.5335692911009757,1.8988467089621395
2018-08-08,0.012605876189715497,0.009226637044160284,2.5655071519026595,1.9163666783482314
2018-08-16,-0.004695434896302452,-0.005823791296348134,2.5534609800949024,1.9052061587662554
2018-08-23,0.020197463465973016,0.02001107136070334,2.6050344149521565,1.9433313751661785
2018-08-30,0.00042847952648362314,0.009679640354785144,2.606150618864749,1.9621421239679573
2018-09-06,-0.008519142011104609,-0.01607701564380262,2.583948451640312,1.9305967343455603
2018-09-14,0.004795212700798887,-0.0013861030934559627,2.5963390340738273,1.9279207282398678
2018-09-21,-0.019390452077286346,-0.03659492471994519,2.545994846457231,1.8573686143239079
2018-09-28,-0.0378302777008844,-0.02790819872196885,2.4496791543907332,1.8055328019354084
2018-10-05,-0.04232676407178739,-0.05475976669776204,2.345992162771261,1.706662246936269
2018-10-12,0.009286188774018342,0.016740453790813504,2.3677774888571226,1.7352325474176316
2018-10-19,-0.02067093099518374,-0.015457885426588618,2.3188333237730077,1.7084095215111623
2018-10-26,-0.019388195121711988,-0.025255456966212453,2.273875330836969,1.6652628583599696
2018-11-02,0.03679015060920183,0.05657434540126666,2.3575315467250095,1.759474014492727
2018-11-09,0.008602329703460473,0.004544844553791033,2.3778118103762473,1.767470550385031
2018-11-16,0.006564563597603828,0.006225341325044883,2.393421107228596,1.7784736578431426
2018-11-26,0.006672604604449454,-0.005009647554477736,2.4093914599290756,1.7695641316324255
2018-12-03,0.026883953128758735,0.021696199829205773,2.4741654270066404,1.8079569486429177
2018-12-10,-0.029046102684719785,-0.03938879456706278,2.4023005639548223,1.7367437038067282
2018-12-17,0.04676274096811897,0.04317009725281193,2.514638722954608,1.8117190984032734
2018-12-24,-0.01307408695721729,-0.018089561575755374,2.4817621176247138,1.7789458942147354
2018-12-31,0.015900861912959956,0.018537854387144725,2.521224274357879,1.8119237341642973
2019-01-02,-0.01383620351059215,-0.007514747148305489,2.4863401022020186,1.7983075854500392
2019-01-10,0.0006168312901554235,0.001522522837842536,2.4878737545750247,1.8010455498183524
2019-01-17,0.0016405448318445267,0.005163466074892133,2.4919552230053745,1.8103451874141747
2019-01-24,-0.011272427528849745,-0.008300810958808856,2.463864838348908,1.7953178542432602
2019-01-31,-0.008231117996002431,-0.006704997633530247,2.443584476138257,1.7832802522791245
2019-02-07,0.005411319129650113,0.018300699732636806,2.4568074915588998,1.8159155287152253
2019-02-14,-0.032333134621544406,-0.030085872984237753,2.377371204195107,1.7612821247681942
2019-02-21,0.0004766074896691017,0.0036987072392813103,2.3785042771167504,1.7677965917134912
2019-02-28,0.006240361019850502,0.004503983265832958,2.3933470024932175,1.7757587179799652
2019-03-07,0.009981767429178664,0.027682519428272646,2.417236835649427,1.8249161931903701
2019-03-14,0.015430300945672474,0.02416900194007323,2.4545355274804623,1.8690225962040594
2019-03-22,-0.004563136027008182,0.006912054420852377,2.4433351479854446,1.8819413821028246
2019-03-29,0.011862589733826694,0.01672254784739003,2.4723194304282345,1.9134122369110225
2019-04-05,0.008428500718887724,0.002245084252337691,2.4931573765249193,1.9177080085923415
2019-04-12,7.601083708490096e-05,-0.001411316791387745,2.4933468835040937,1.9150015150788364
2019-04-22,-0.008474355486516953,-0.007181594083812624,2.4722173756620807,1.9012487515276542
2019-04-30,-0.007334943354514709,0.008483273467631138,2.4540838012515525,1.9173775646168556
2019-05-07,-0.013549860939009282,-0.02250289287736668,2.4208313070119187,1.8742310226748162
2019-05-14,-0.01996694268264428,-0.02494353911123428,2.372494707060461,1.8274810678572384
2019-05-21,0.03379411148545994,0.04093406120305167,2.4526710576895256,1.902287289736325
2019-05-28,0.02184442712826414,0.022623498659960956,2.506248251878827,1.9453236836865355
2019-06-04,0.00740639228488789,0.007385118137623599,2.524810509595556,1.9596901289064779
2019-06-11,0.002457065069133335,-0.006319254857877046,2.531014133304864,1.9473063475394519
2019-06-18,-0.02645536880660571,-0.02512262328994042,2.4640552209535524,1.8983849037401084
2019-06-25,0.0029692401477497414,0.00924206757070389,2.47137159264188,1.9159299052956786
2019-07-02,0.00976812620003776,0.011465271561034532,2.495512262245994,1.937896561951801
2019-07-09,-0.020907288492338295,-0.029548130404774442,2.4433378674430495,1.880635341628285
2019-07-16,0.010611781779641076,0.009095016566819413,2.4692660357062888,1.8977397512165401
2019-07-23,-0.012411882764223626,-0.031110337222125396,2.438617795157423,1.8387004275963612
2019-07-30,-0.013268402448493873,-0.023594149814721372,2.406261232833215,1.7953178542432604
2019-08-06,-0.0015217754021061383,-0.00901887916980732,2.402599443678048,1.7791260994444427
2019-08-13,-0.004590124017490732,-0.003891566797859638,2.3915712142672114,1.772202511386639
2019-08-20,0.003935186631703481,0.0080088790233075,2.4009824933383626,1.7863958669051363
2019-08-27,0.013130789531187998,0.0078043108687799855,2.4325092891264557,1.8003374555851677
2019-09-03,-0.01062495548591167,-0.02529432844169803,2.4066639862104204,1.7547991286777056
2019-09-11,0.012545653105325866,0.02321577489037739,2.436857157722497,1.7955381502269177
2019-09-18,-0.011256067612750116,-0.01621271076523995,2.4094277287925587,1.7664276095293345
2019-09-25,0.06490483052308285,0.05323451335316863,2.565811227187456,1.8604625236962296
2019-10-03,-0.017239571486075377,-0.014496676083021773,2.521577741116583,1.8334920011256042
2019-10-10,-0.008587493765467257,-0.008968417439066255,2.4999237079856034,1.8170484794883208
2019-10-17,0.03624531145574418,0.0318077505953669,2.5905342213971405,1.8748447043435759
2019-10-24,0.002099971373149741,0.0035250276966461882,2.5959742691032393,1.8814535838532973
2019-10-31,0.018141086932516433,0.02683828449083379,2.643068063993617,1.9319485703930508
2019-11-07,0.002576642093568774,0.008446207351539694,2.64987830442347,1.9482662086111011
2019-11-14,-0.01880906605626963,-0.011460739496341257,2.6000365683544935,1.9259376371246848
2019-11-21,-0.0006686299503032181,0.006781322766452878,2.598298106033008,1.9389980418700867
2019-11-28,0.012315533716710073,0.01667681071211199,2.630297533963921,1.97133434518551
2019-12-05,-0.012017996148476165,-0.0124840357598978,2.5986866283313965,1.9467241367254995
2019-12-12,-0.008552796054447646,-0.005779365643894079,2.576460591589858,1.935473306131569
2019-12-19,0.014989535595722794,0.021455110121055897,2.615080539338471,1.9769990990509858
2019-12-26,-0.0022073132178967313,-0.008580070041388036,2.6093082374981247,1.9600363083093673
2020-01-02,0.01650377329859218,0.014362325588863347,2.652371669115943,1.9881869879353002
2020-01-10,0.004565659043002191,3.963441218203293e-05,2.664481493812445,1.988265788557875
2020-01-17,0.021759363931950482,0.012294107389146972,2.722458916326257,2.0127097416805726
2020-01-24,-0.0033383219366600546,-0.004283175030733849,2.7133704720042293,2.0040889535708915
2020-01-31,-0.01853872008760923,-0.02363127349365376,2.6630680563297586,1.9567297794034473
2020-02-07,0.019398598094624627,0.014159491611427407,2.7147278432531325,1.9844360783007404
2020-02-14,0.005343078249460926,-0.0037565024024142695,2.7292328465456244,1.976981539405166
2020-02-24,-0.022611387254677907,-0.0212050190526299,2.667521105744194,1.9350596081953817
2020-03-02,-0.03357273741725045,-0.0592757896108551,2.5779651201060707,1.8203574219755285
2020-03-09,-0.020740122237683876,-0.05972953317634019,2.5244978083905854,1.711628322946844
2020-03-16,-0.09341898745627542,-0.12012338290133975,2.2886617792951505,1.5060217385247223
2020-03-23,-0.08902061492940849,-0.17437394698563186,2.084923700336862,1.2434107837320034
2020-03-30,0.07863139205912535,0.08378118028797404,2.248864153231412,1.3475852067758654
2020-04-07,0.0873642174582057,0.06082614085561251,2.445334410148285,1.429553614378154
2020-04-15,0.04155266855812022,0.024617725203126467,2.5469445804069433,1.4647459724200518
2020-04-22,0.002218920418778037,0.026188939100494905,2.5525960477419045,1.5031061154894556
2020-04-29,0.01358887106973764,0.03580640426111938,2.587282946327791,1.556926940708032
2020-05-06,-0.026036923271060684,-0.02861654637662077,2.5199180587737304,1.5123730687042503
2020-05-13,-0.008575052650782731,0.013119776578228843,2.4983096287440874,1.5322150654685804
2020-05-20,-0.009379449177852876,-0.031659826580677126,2.474876860550742,1.4837054022115443
2020-05-27,0.014007993688255452,0.023581147828303752,2.5095449199925466,1.5186928786347476
2020-06-03,0.04964597875322575,0.07898259705488625,2.634133733770762,1.6386431863180813
2020-06-10,-0.0015777485583465443,0.009377344336084021,2.629977733069813,1.6540093077201639
2020-06-17,-0.024796338939165163,-0.01999066213113029,2.564763913798157,1.6209445664877853
2020-06-24,0.034279341157863776,0.04238169779584055,2.6526823309886214,1.6896429492484801
2020-07-01,0.002761750681397017,0.008170879582128567,2.6600083782237594,1.7034488183235819
2020-07-08,0.011457452032386649,0.026728716022426553,2.6904852966230046,1.7489798180472909
2020-07-15,0.010124554712667898,-0.010795224149583173,2.7177252622122925,1.730099188878373
2020-07-22,0.019888338747811356,0.04317844357196862,2.771776302850655,1.8048021790792665
2020-07-29,0.017945832361428448,0.005641083856545189,2.8215181357249928,1.8149832195159283
2020-08-05,0.011742359639112252,-0.0036383213358456828,2.8546494164029528,1.8083797273441617
2020-08-12,0.01365419494778477,0.020367078017151288,2.893627356042099,1.845211138335615
2020-08-19,-0.0015660203100675894,0.011573184376628146,2.8890958768327697,1.866566107053381
2020-08-26,0.01107421699093488,0.01320544429058729,2.921090351480431,1.891214941794773
2020-09-02,-0.01650506016848605,-0.0037333333333332726,2.872877579471662,1.8841544060120727
2020-09-09,-0.007384057270340897,-0.024056477516059986,2.851664086894165,1.8388282879070579
2020-09-16,0.022357164896177957,0.03284308683876709,2.9154192111133668,1.8992210850483706
2020-09-23,-0.012004417874862505,-0.04359876522720481,2.88042130062276,1.8164173908467895
2020-09-30,0.015734326175338667,0.014958266090547803,2.925742788889152,1.8435878455105745
2020-10-07,0.018289644858159773,0.03586999264819029,2.979253585444256,1.9097173279753317
2020-10-14,0.001605390207149024,0.013823097364121016,2.9840364499749423,1.9361155365378835
2020-10-21,0.0028022591260831523,-0.0010744898208368736,2.9923984933494494,1.9340352001019094
2020-10-28,0.011084002456201074,-0.014195262270101185,3.0255662455996672,1.9065810631968552
2020-11-04,0.0012002976093744326,0.01622649307708198,3.029197825531264,1.9375181876197143
2020-11-11,0.023392660758283182,0.06362556735915671,3.1000588226336463,2.060793881575704
2020-11-18,-0.0019991959316262007,0.020243193637197975,3.093861197647635,2.102510931166794
2020-11-25,0.00938534910751593,-0.0036504831080828386,3.1228981650777556,2.09483575052801
2020-12-02,0.012333736138366516,0.025225699668973763,3.1614151670328132,2.147679448026659
2020-12-09,0.031099460503117283,0.03030681059344111,3.2597334731539056,2.2127687622734293
2020-12-16,0.01492904433928748,0.012193471649466232,3.30839817870888,2.239750095443035
2020-12-23,0.0045176793858203905,-0.007873904936143239,3.323344460960919,2.222114516110799
2020-12-30,0.01838629830508601,0.025100002836959887,3.3844484635907013,2.2778895967692296
2021-01-01,0.0013298768809158939,0.005016086069118206,3.3889493633570815,2.289315687042573
2021-01-11,0.0359367417420125,0.030649794801641612,3.5107371614048026,2.3594827430866068
2021-01-18,-0.03013531051858534,-0.018748216430737784,3.404940006896732,2.315246649954628
2021-01-25,0.0037511581688426717,-0.0026377015474515746,3.417712475418022,2.309139720283311
2021-02-01,-0.02784177575359027,0.001607150122740083,3.3225572910871857,2.3128508544681883
2021-02-08,0.02938382481450466,0.056491743566481484,3.4201867324646464,2.443507831846323
2021-02-15,0.0026356755092431165,0.015181323575589382,3.429201234872442,2.4806035149010683
2021-02-22,-0.008542860861569827,-0.03615796384203623,3.399906045856603,2.3909099427028475
2021-03-01,0.004789939618067708,0.009732264487058601,3.4161913905233594,2.41417891062997
2021-03-08,0.01395613181146375,0.01462633128802522,3.4638682078626912,2.4494894911654077
2021-03-15,-0.0001421467370121244,-0.0042639152586795865,3.463375830299504,2.439045075548052
2021-03-22,0.00488712468345767,-0.012352178323339546,3.480301779807851,2.408917555836219
2021-03-30,0.015549655248462895,0.004530740129226897,3.5344192726444748,2.4198317352744456
2021-04-06,0.008056053774609325,-0.0037790791730028563,3.562892744366914,2.4106869995614986
2021-04-13,0.00035906063766631745,-0.014205818734532463,3.564172038907643,2.376441217020034
2021-04-20,-0.005170898953519503,-0.011333386046756808,3.545742065441492,2.3495080912901214
2021-04-27,-0.0004908569850634049,0.02447282130575036,3.5440016131814365,2.407007182964679
2021-05-04,0.010495531040205295,-0.006707174269431963,3.58119779211912,2.3908629663207606
2021-05-11,0.02612673185344122,0.02727183416838587,3.6747627865479524,2.4560661846575957
2021-05-18,0.0015394079695880713,0.016187543433493337,3.68041974566791,2.4958238626972746
2021-05-25,0.016244021032665375,0.00826912942003169,3.7402045614255766,2.5164621532275215
2021-06-01,0.011012699296054796,0.020453498935945072,3.781394309566289,2.5679326092009065
2021-06-08,0.013230008962912248,0.018909343691499162,3.8314221901741567,2.6164905294848944
2021-06-15,0.017191101032524993,0.008025422815899944,3.8972885561436987,2.6374889722778088
2021-06-22,-0.004031593027815717,-0.00890551251224508,3.8815762747733635,2.6140007812342803
2021-06-29,0.008258639019514659,-0.0010962350615508596,3.9136328120534296,2.6111352219269697
2021-07-06,0.008194638612980178,0.0046176357704855115,3.9457036186121086,2.6231924933293143
2021-07-13,0.00011459114886703604,0.002005706713148037,3.9461557613228546,2.6284538481230646
2021-07-20,0.0010690467024179135,-0.010747179163340313,3.9503743861267244,2.6002053836947145
2021-07-27,0.012072426114239292,0.007925132788129074,3.998064989026823,2.6208123566369035
2021-08-03,0.010558239624367999,0.02497460715779411,4.040277517214764,2.686266115678203
2021-08-10,-0.015046841114466131,0.0011017196152726001,3.979484103354884,2.6892256277496873
2021-08-17,0.021651847658013233,0.017194696603566997,4.065647286918209,2.7354660465173803
2021-08-24,0.00942360910047217,-0.001333776017218835,4.103960357690522,2.731817547508619
2021-08-31,0.02710411146741199,0.03465570707157547,4.2151945566832065,2.826490616208067
2021-09-07,0.01343238889859781,0.015406775435583421,4.271814689251828,2.870037722402768
2021-09-14,0.006316972014469276,0.006328906735920911,4.298799623094831,2.88820192347643
2021-09-21,-0.007087050173211284,0.004987909740520261,4.268333814481376,2.902608013983128
2021-09-28,-0.0024320927482025566,0.009802229103503379,4.257952830764268,2.9310600427338556
2021-10-05,0.012179611184315797,0.009878033795804184,4.309813040684133,2.960013152893512
2021-10-12,0.0020118356627739564,0.01185513563841035,4.318483676259269,2.9951045103125438
2021-10-19,-0.01713405377129847,0.01990348873076706,4.244490544739768,3.0547175391810186
2021-10-26,-0.033194808637848745,-0.014706786959196302,4.103595493341973,3.0097924591117633
2021-11-02,0.00805116584449535,-0.014536108755482145,4.136634221217593,2.9660417885946844
2021-11-09,0.009889827129713796,0.01382663646874345,4.177544818564293,3.0070521701566846
2021-11-16,0.006658645223381802,-0.001385156949738515,4.20536160741589,3.0028869309449657
2021-11-23,-0.017161207873017,-0.027141888720863535,4.1331925226898205,2.921382908023922
2021-11-30,0.000576409200237707,-0.03215501299815086,4.135574932886252,2.827445802643837
2021-12-07,-0.011957006814065436,0.012604809321799353,4.086125835233653,2.863085217853885
2021-12-14,0.01855251715072828,0.012043184826243463,4.16193375487186,2.897565882305785
2021-12-21,-0.02611276049441873,-0.037526209982490726,4.053254175537254,2.788831216568277
2021-12-28,0.023615089535319354,0.027647389107243205,4.148972135801973,2.865935118367167
2022-01-03,0.02225107140474546,0.02150537634408594,4.241291211052002,2.9275681316653857
2022-01-11,0.011797080932746907,0.018570636646624956,4.291326066728131,2.981934935696782
2022-01-18,-0.004106118960411827,0.0026060745609444284,4.273705371400229,2.989706080475093
2022-01-25,-0.036921395853985184,-0.0470744819666998,4.115914203619459,2.848967215504035
2022-02-01,0.009725182189509263,0.019395194198421558,4.1559422191260476,2.904223487913672
2022-02-08,-0.019463221993798838,-0.016973650275103242,4.0750541931217965,2.854928214109085
2022-02-15,0.0007790536613883304,0.00011478357829618442,4.078228879011304,2.855255912985279
2022-02-22,-0.013792842985267725,-0.018904325204673965,4.021978508425117,2.801279226663637
2022-03-02,-0.014633030634876849,-0.021546945937665336,3.963124773698516,2.7409202146104104
2022-03-09,-0.030843291408516292,-0.016658411473011333,3.840888961415023,2.6952608378607357
2022-03-16,0.04551543213749772,0.03662554061173814,4.015708682285973,2.7939762231370313
2022-03-23,-0.012643374808338787,0.015057498869011966,3.964936572294731,2.8360465169569635
2022-03-30,0.0016131704525213432,0.01390424940712989,3.971332690819278,2.875479615058955
2022-04-06,0.029039618170329476,0.026596841591143353,4.086658675788017,2.95195829087924
2022-04-13,-0.010799958808487675,-0.01335299808110115,4.042522930425157,2.912540797485639
2022-04-20,-0.016839048376286456,-0.018677167885558066,3.9744506912374806,2.858142784037463
2022-04-27,0.003290127965386304,-0.006322375640836809,3.98752714260377,2.840072531721631
2022-05-04,-0.009986172583043304,-0.023604265910626785,3.9477070083781594,2.773034704477406
2022-05-11,-0.03099126401347737,-0.03832756534706387,3.8253625782336567,2.6667510356318727
2022-05-18,0.007070304415197937,0.007788453661333841,3.852409056160275,2.6875209024992053
2022-05-25,-0.013001129501616495,-0.02144868631151119,3.802323387127935,2.62987710970587
2022-06-01,0.04249282286064438,0.03372079914081107,3.963894841276048,2.7185586674872786
2022-06-08,-0.024249864464368137,-0.013213633806697551,3.867770928624096,2.682636628773078
2022-06-15,-0.018899193269620314,-0.03657685327376793,3.7946731783214105,2.58451422241561
2022-06-22,-0.014467180108132614,-0.022671834999758597,3.7397749579991344,2.5259185424104738
2022-06-29,0.01235986785594888,0.0268241602777554,3.7859980822909907,2.593674186240647
2022-07-06,0.044185285565250504,0.01589545818267147,3.953283488706509,2.6349018258075096
2022-07-13,-0.0019328063957202717,0.005294546143687199,3.9456425570954416,2.6488524351083336
2022-07-20,0.01929113203494033,0.03257789533835649,4.021758468627049,2.7351464725060435
2022-07-27,-0.0012504889378179963,0.007502410470284178,4.016729304151456,2.7556666640391336
2022-08-03,0.03024224310650262,0.04356935761529389,4.138204208260617,2.875729290393198
2022-08-10,-0.0031959881537221768,0.008182933049716361,4.124978556633333,2.8992611906455936
2022-08-17,0.019523869938906376,0.02672852729366925,4.2055141014738195,2.9767541725112405
2022-08-24,-0.01852725697051124,-0.01698993499685461,4.127597461022705,2.926179312618659
2022-09-01,0.007551301102830224,0.0027730523306971557,4.158766192282165,2.934293760981554
2022-09-08,0.0060555614050574365,0.013545062460446879,4.183949856328807,2.974038953251349
2022-09-15,-0.004482562007501675,0.00915072460726399,4.165195041661535,3.001253564683828
2022-09-22,-0.01172307059443179,-0.015998544168876448,4.11636616614856,2.953237876967236
2022-09-29,-0.022474179292118618,-0.04835326256386945,4.023854214898527,2.8104391904886747
2022-10-06,0.0048144680708896125,0.03066595595829026,4.0432269325380705,2.8966239949276535
2022-10-13,-0.022045838992885317,-0.021645791245791208,3.9540906025716382,2.8339242766158996
2022-10-20,0.018607471081343693,0.028033060399654117,4.027666229112003,2.9133678470303193
2022-10-27,0.0006285753031594452,0.008923502126428895,4.030197920632992,2.939365291208364
2022-11-03,0.014558211412829532,0.017471491367777203,4.088870393997113,2.990720386520455
2022-11-10,0.0004193225045285827,-0.0031671493047403265,4.090584949371417,2.9812483285276135
2022-11-17,0.012080709101849172,0.011525899250450188,4.140002116201175,3.0156098964027955
2022-11-24,0.003703008516105875,0.005345407503234115,4.155332579294164,3.0317295601698544
2022-12-01,0.02895317790077647,0.02021278238445982,4.275642662699361,3.0930092500181017
2022-12-08,-0.001709739357556462,-0.00702789970233587,4.268332428160096,3.071271891230577
2022-12-15,-0.011167355387799206,-0.009059176798752103,4.220666443021564,3.0434486961708815
2022-12-22,-0.0072511634633451,-0.020022149984105335,4.190061700718959,2.9825123099072184
2022-12-29,-0.007478209659845519,0.0031967937884883266,4.158727540833294,2.9920467867336193
2023-01-03,-0.0030247754051435415,0.0036351309064358364,4.146148324051088,3.0029232684815765
2023-01-11,-0.004779497987239785,-0.017016611330205392,4.126331816481489,2.951823690367396
2023-01-18,0.009722207579054643,0.011882611637347728,4.166448870941379,2.9868990649019542
2023-01-25,-0.011703788934744015,-0.018654143507877585,4.117685632748479,2.931181021101728
2023-02-01,-0.002621611917835089,-0.023522710940535707,4.106890659019768,2.8622316972279678
2023-02-08,0.007597000720723328,0.012494412402830361,4.1380907103162725,2.897993600445587
2023-02-15,0.006595636749420723,0.0021482334952134673,4.165384053477671,2.9042191673669784
2023-02-22,-0.019825188531407488,-0.024068811011481037,4.082804529311757,2.8343180650917015
2023-03-01,-0.01125364926678008,-0.0032314357593874435,4.036858079114062,2.8251591483426863
2023-03-08,0.010429201166956253,0.018142555753150786,4.078959284103594,2.8764147557030175
2023-03-15,-0.02268077928365312,-0.04086226817321302,3.986445308873833,2.7588779245780937
2023-03-22,0.016740464650093385,0.010677645941024064,4.053180255646566,2.7883362462512458
2023-03-29,-0.001288141150293702,-0.0066813649233936085,4.04795918736971,2.7697063542609155
2023-04-05,0.026270392365929193,0.02509689485781243,4.15430066350318,2.839217383420817
2023-04-12,0.007346288274968911,0.015530288458896313,4.184819353758169,2.883311248382855
2023-04-19,0.0005401651619855283,-0.006796794250864402,4.187079847382272,2.8637139750663936
2023-04-26,0.010893499317706617,0.00950761971700529,4.232691798842914,2.890941078519598
2023-05-03,0.018095221839122346,0.018593279433512157,4.30928329591961,2.9446931538183323
2023-05-10,0.0029822610148045807,0.012420056483703859,4.32213470349478,2.981266409115932
2023-05-17,-0.0059950751240902475,-0.004380570573242255,4.296223181250891,2.968206761213163
2023-05-24,-0.0007724732672579657,0.006539314738690129,4.292904463693201,2.9876167994342437
2023-05-31,0.018195452655687887,0.015761601855043363,4.371015803617722,3.034706425922365
2023-06-07,0.015869801198221737,0.012910291214215315,4.44038295545542,3.0738853696306734
2023-06-14,0.0035976017210413015,0.003883110752409813,4.456357684818049,3.0858216069611615
2023-06-21,0.007907651802453956,0.008752502882106595,4.49159700969678,3.1128302694697556
2023-06-28,0.0076012187784511645,0.0029824112920607713,4.525738621232122,3.1221140096156903
2023-07-05,0.02450319238942572,0.020030185209247434,4.636633665372427,3.1846505314726787
2023-07-12,0.004935021466223274,0.0013032443926196283,4.659515552042054,3.1888009094202734
2023-07-19,0.010012743984383067,0.01935196602274284,4.706170088355902,3.250510476272666
2023-07-26,0.016728523415116874,-0.0004608140087459706,4.784897364874487,3.249012595509624
2023-08-02,-0.00041889177649831683,-0.008706676719604636,4.782893010716952,3.220724493182598
2023-08-09,0.01059702220252546,0.007819085544865344,4.833577434143824,3.245907613511236
2023-08-16,-0.011404695065949589,-0.00949853868635605,4.778451957429759,3.2150762344719617
2023-08-23,-0.0005438151915876356,0.003615521994021043,4.775853362663037,3.2267004133101493
2023-08-30,-0.00692625188533593,-0.0009671133118311808,4.742774599305804,3.223579828387146
2023-09-06,0.01304022195837759,0.01653428589406645,4.804621432779307,3.2768794188720447
2023-09-13,0.01410906512550053,0.017155754058004794,4.872410149477766,3.333096756259951
2023-09-20,0.00019979696653337755,-0.005069750023406014,4.873383642245337,3.3161987889018874
2023-09-27,-0.00498634023518856,-0.007245797202369469,4.8490832933084995,3.2921702849947607
2023-10-04,-0.012856867551885802,-0.014246648056607542,4.78673927165837,3.2452678936020187
2023-10-11,0.01586870525082335,0.01745748614122737,4.8626986262728575,3.301922112879146
2023-10-18,0.002965495257155836,-0.005845327990473615,4.877118935986048,3.2826212951303693
2023-10-25,-0.018934980857751166,-0.03170378116310574,4.784770782292177,3.178549787948205
2023-11-01,0.00024455899106853017,-0.0033183614363202782,4.785940941007188,3.168002210908454
2023-11-09,0.03012124664943814,0.027960145587793334,4.930099448540909,3.2565800139479055
2023-11-16,0.01149026949912003,0.02070277314628501,4.986747619862107,3.3240002512093945
2023-11-23,0.006061055949858969,0.002539464975567556,5.0169725761939175,3.3324414334261183
2023-11-30,0.015388762097897694,0.019519800728539524,5.094177573620642,3.3974900261461247
2023-12-07,0.0191185777340208,0.04235190381497796,5.191571003552814,3.5413801969458123
2023-12-14,0.0064926609751637275,0.015147443042882475,5.225278114007373,3.5950230517722406
2023-12-21,0.002407128852298454,-0.0011023970625893074,5.237856031716883,3.591059908920026
2023-12-28,0.04317913318334974,0.024540197173184765,5.464022114905599,3.679185227145642
2024-01-03,0.005461907159172498,-0.0037786099295591853,5.493866096412879,3.665283021313662
2024-01-11,-0.0055811791300801935,0.004950495049505075,5.463203845612124,3.6834279867657105
2024-01-18,-0.008159944982151052,-0.00892857142857146,5.418624402805654,3.6505402368838733
2024-01-25,-0.007650787112620771,-0.0020937328447957005,5.377167661056536,3.642896980888661
2024-02-01,0.011273214836261248,0.018158169683788535,5.437785627310223,3.709045322408198
2024-02-08,-0.007444217504048611,0.00963338680561082,5.397305568360137,3.744775990678498
2024-02-15,0.01306246466277166,0.00598623539221662,5.467807681621022,3.7671931012498208
2024-02-22,0.01819537611305436,0.012998152546846165,5.567296498901965,3.816159651853292
2024-02-29,-0.007121799455207041,-0.00992884126880731,5.527647329729109,3.7782696084136136
2024-03-07,0.021073508195423293,0.02111763956103592,5.644134251033565,3.8580577441685087
2024-03-14,-0.008170050592773726,-0.021695625037749876,5.5980213886502135,3.7743547699770414
2024-03-21,-0.010128367700795813,-0.0027453417682964773,5.5413225696290445,3.7639928761786545
2024-03-28,0.013513907964471711,0.017767964010070577,5.616207492836462,3.830871366136759
2024-04-04,0.00080016856695871,0.015791074433788254,5.620701405537748,3.8913649410256927
2024-04-12,-0.0063359548805577625,0.0027825573178860983,5.585088895035173,3.9021928870189093
2024-04-19,-0.011027579017528457,-0.01858781938483824,5.523498885925251,3.8296596304302013
2024-04-26,0.00539107684710079,0.019832303654514608,5.55327649288415,3.90561060311433
2024-05-03,0.001735488989149945,0.006431827402687316,5.562914143091255,3.9307308164156667
2024-05-10,0.0008220704897063484,-0.021389359860566066,5.567487250645061,3.8466550004683353
2024-05-17,0.00912385625136377,0.026218544410385677,5.618284204001247,3.947508695429547
2024-05-24,0.011316914645956215,0.02176282845932555,5.681865846794653,4.033417650009876
2024-05-31,-0.021652568881362234,-0.018399047886824893,5.558838855172272,3.9592066055197797
2024-06-07,0.046932754036471874,0.031327494742128946,5.8197304718904554,4.0832386296372025
2024-06-14,-0.0008045750330777953,0.016633693501750143,5.81504806205353,4.151157969497094
2024-06-21,-0.00615658549274451,3.742346900588297e-05,5.779247221515079,4.151313320228704
2024-06-28,0.02223819832609269,0.016327248504988335,5.907767267402651,4.219092844430146
2024-07-05,0.010304378318446718,0.01679032347147302,5.968643136343304,4.289932778044306
2024-07-12,0.016611278906433817,0.006377084502706859,6.067789932174075,4.317290041880827
2024-07-19,0.0036024800289470495,-0.007711240491389149,6.089649024224578,4.283998380096804
2024-07-26,0.02147109228975858,0.01820766382727205,6.2204004404359425,4.361999982438185
2024-08-02,-0.005879165234581285,-0.0018733261154482512,6.183829678421358,4.3538285339554985
2024-08-09,-0.018463217839122695,-0.013334142111911194,6.069656283988632,4.295773965552842
2024-08-16,0.003931573668826967,0.006411809591315051,6.093519584813592,4.3233176502672945
2024-08-23,0.01877442248645321,0.01325935880759197,6.20792189592836,4.380642070231384
2024-08-30,0.0019880644663194825,0.013936960962324102,6.220263644859342,4.441694907754114
2024-09-06,-0.0002753688391946697,-0.013171792916751267,6.2185507780799725,4.383189822229788
2024-09-13,0.028611601137683722,0.020131278619731487,6.3964734725968295,4.471429037784267
2024-09-20,0.013322159348547321,0.013167586197312285,6.48168831146752,4.530306965064456
2024-09-27,0.012998850317338943,0.013984047623946371,6.565942807631933,4.593658993415014
2024-10-04,-0.04510196841478237,-0.041918050971267794,6.269805862508849,4.401101761584421
2024-10-11,-0.006930105115431682,0.002043762641148512,6.226355448828313,4.41009656894464
2024-10-18,-0.0073333280468038005,-0.007996336480202903,6.180695541786051,4.374831952869171
2024-10-25,-0.03529212494769236,-0.0364333652924257,5.962565662461692,4.215442102237312
2024-11-01,0.00037519368091379595,0.009054726368159231,5.964802779420281,4.253611776993889
2024-11-08,-0.013586298549784706,-0.006431537542867866,5.8837631880684915,4.226254513157368
2024-11-18,-0.03539448454953689,-0.030237533358329054,5.675510422815267,4.098463001334983
2024-11-25,0.026009834395165497,0.029470851338033507,5.8231295090207285,4.219248195161757
2024-12-02,0.011355405220228284,0.01010327877906447,5.889253504245528,4.261876435915541
2024-12-09,0.0024818787210333765,0.01897287662344763,5.9038699172004865,4.342736491718545
2024-12-16,0.003921634047661151,0.003187333657671012,5.927022734480742,4.356578241904996
2024-12-23,-0.033772068139328024,-0.04079376682653734,5.726854918828512,4.178857004943158
2024-12-30,-0.0007179510252173328,-0.003040948716518867,5.722743317468269,4.16614931509746
2025-01-02,0.020468797617386313,0.020598336173497274,5.8398809922497765,4.251965059238823
