Date,Mean Return,Index Return,Strategy Wealth,Index Wealth
2013-07-09,0.012925070808707983,-0.005411148718959793,1.012925070808708,0.9945888512810402
2013-07-16,0.029799382386850072,0.01245608431810927,1.043109612322964,1.0069775338744482
2013-07-23,-0.004288364365384699,0.016266367214330182,1.0386363782322878,1.0233574002170305
2013-07-30,-0.052863433900473676,-0.05801641366732814,0.9837304927049779,0.9639858739565178
2013-08-07,-0.045310084438545124,-0.03726339117421937,0.9391575810157438,0.9280644912488544
2013-08-14,0.05417743022705354,0.04228911802745703,0.9900387253334325,0.967311520056369
2013-08-23,-0.05916822503323409,-0.04167811984606943,0.9314598912412878,0.926995794594976
2013-08-29,-0.015093772987380662,-0.012154458427449586,0.9174006470960415,0.9157286627471508
2013-09-10,0.028986613386195074,0.04929651962339993,0.9439929849736597,0.9608708987399754
2013-09-17,-0.015069028988318994,-0.004267903350472198,0.9297679273183218,0.9567699946118718
2013-09-24,0.02413336333534075,0.01222361426201211,0.9522063545258415,0.9684651819634746
2013-10-01,0.003732938658757678,-0.01364822372382434,0.9557608824377657,0.9552473524913029
2013-10-08,0.039824441663439576,0.029841089670828564,0.9938235259446061,0.9837529743948175
2013-10-15,0.01989149384500413,0.022716000396786073,1.0135921604939535,1.0060999073515096
2013-10-24,-0.011415480699076897,0.014322762539142827,1.002021518749099,1.020510037415159
2013-10-30,0.011832595739066438,0.0108847867600255,1.0138780343023024,1.0316180715588885
2013-11-07,0.026697710275871867,-0.0007254833927388193,1.0409462563171756,1.0308696497803234
2013-11-14,0.001044074225251357,-0.01723484848484841,1.0420330814732683,1.0131027675587307
2013-11-26,-0.009607862306206055,-0.017965265753712233,1.0320213711079615,0.9949021071037167
2013-12-03,0.003284295340434589,0.02495111291580736,1.0354108340883204,1.0197260219182362
2013-12-10,0.0023897075061605397,0.01617947541803936,1.037885163130501,1.0362246540229973
2013-12-17,0.02893892140838176,-0.02570889244531991,1.06792044029726,1.0095844658435313
2013-12-24,0.07437507295398516,0.02121554829521659,1.1473471009534206,1.0310033538367351
2013-12-31,0.011515229786781215,0.007946924796456183,1.1605590664660967,1.0391966599545697
2014-01-08,0.004730841157184095,-0.01932519071579289,1.1660494870630775,1.0191139863097327
2014-01-15,-0.020781072418990694,0.013685593404433519,1.1418177282282926,1.033061165959139
2014-01-23,0.0021739634172642033,-0.001974273385980587,1.1442999981986446,1.031021620793096
2014-01-30,-0.060597163400663956,-0.046578974202100464,1.074958664228422,0.9829976913163666
2014-02-11,0.04488727734729361,0.01948023775434947,1.1232106319265194,1.0021467200551861
2014-02-18,0.035190083379218154,0.0067878117286576806,1.162736507716438,1.0089491033154125
2014-02-25,0.05962311457613903,0.022229803929930805,1.232062479737875,1.0313778440573937
2014-03-04,0.01737021205047711,0.01654185527441127,1.2534636662703584,1.0484387470870253
2014-03-11,0.018499609843254817,0.04397532812759595,1.2766522550490558,1.0945441850118627
2014-03-18,-2.046087459247901e-05,0.0016809397348292341,1.276626133627367,1.0963840478239752
2014-03-26,0.03973100348556584,0.013273372030825922,1.3273477709922803,1.1109367611794059
2014-04-02,0.051447099823003106,0.03083269790994581,1.395635964266361,1.1451899387339042
2014-04-10,0.036510002805240915,0.0088609512269008,1.446590637236821,1.1553374109265628
2014-04-17,-0.009725678872108949,-0.0033124390060805566,1.4325215612396562,1.1515104262214255
2014-04-29,-0.015940956040452835,-0.012746764282912798,1.409685798004934,1.1368323942490646
2014-05-06,-0.016914949720783994,-0.0024498444017744475,1.3858410336095772,1.1340473317722577
2014-05-13,0.0522541028721033,0.05443189142055589,1.458256913544194,1.1957756730010565
2014-05-20,0.09185353003386729,0.04106030507590936,1.5922029587495201,1.2448745869368305
2014-05-27,0.03528421260659116,0.00677014246584785,1.6483825864588815,1.2533025652425065
2014-06-03,0.05697165987720649,0.01927552102939676,1.7422936785221268,1.2774606251950351
2014-06-11,0.047355906576158194,0.03214252761724228,1.8248015751904516,1.3185214386203061
2014-06-18,0.004685223428815911,-0.011003567626431288,1.8333511782834742,1.304012998803548
2014-06-26,0.007582811304368477,-0.006103505624237062,1.8472531343230394,1.2960539481312723
2014-07-03,0.0516017348731177,0.03320254541857622,1.9425746008039126,1.3390862382090258
2014-07-15,-0.0683202660883183,-0.04246857467509401,1.8098573871805805,1.2822171543052552
2014-07-22,0.06547299061027094,0.030326254460349245,1.9283541628973841,1.3211019980001413
2014-07-30,-0.005904000389765105,0.0020982225402159612,1.9169691591680327,1.3238739639902695
2014-08-05,0.023080011805162916,-0.0009867471039374492,1.961212829991764,1.322567635190324
2014-08-12,0.0038978006370924377,-0.0009931689356136727,1.9688572466099796,1.321254102099805
2014-08-19,0.03871725375476107,0.02305957663490225,2.0450859922338784,1.3517216623213544
2014-08-27,0.003966243051424003,0.002041878212607584,2.0531973003401407,1.354481713333158
2014-09-03,0.03749942339751006,0.025577681093286578,2.1301910152242205,1.389126214643482
2014-09-11,0.05152620387080274,0.006008656148320897,2.2399516717584156,1.3974729964138932
2014-09-18,-0.010239456405363164,0.0008009458789427514,2.217015784265325,1.398592296651305
2014-09-26,-0.03913571338866322,-0.027059297735932228,2.1302512899541752,1.360747371285036
2014-10-07,0.023069335285374564,-0.01120916744182408,2.1793947712042296,1.3454945261542801
2014-10-16,-0.036048915362770315,-0.013219839269580046,2.1008299535550243,1.3277073047804209
2014-10-22,0.011321401673625863,0.033934107593208356,2.1246142933072054,1.372761867313128
2014-10-28,0.015244150427025956,0.017252773188576764,2.15700223319379,1.3964458164518085
2014-11-05,0.05638937967071513,0.03845231742496313,2.278634251071935,1.4501423942527754
2014-11-12,0.02018408088065697,0.007581839265007582,2.3246263890930066,1.461137140797373
2014-11-18,0.04016440028823015,0.008815805004721435,2.4179936139051215,1.4740182409157987
2014-11-26,-0.012787908927363461,-0.0037075691337572045,2.387072531783556,1.468553216383184
2014-12-03,0.03734273927481197,0.016130804562336603,2.4762123589680147,1.492242161306052
2014-12-11,-0.033809875800710036,-0.03201061997703791,2.392491926655123,1.4444745645667703
2014-12-18,-0.022642952229630434,-0.017694719753296832,2.3383188462500946,1.4189149919559958
2014-12-30,-0.011524373176435853,-0.0021634918165181656,2.3113711872604155,1.415845180982564
2015-01-06,0.018429921170182124,-0.011427510673844413,2.3539695760366555,1.3996655950643746
2015-01-13,0.006894304452685527,-0.0023835192478346644,2.370198558966211,1.3963294651780067
2015-01-20,0.007938656676117966,0.0410577234098862,2.3890147515800733,1.4536595741483596
2015-01-27,-0.006577202562160935,0.03078502527394973,2.3733017176349405,1.4984105208782357
2015-02-03,-0.014146741026826925,-0.012671097862098113,2.3397272328570353,1.4794240145305901
2015-02-11,-0.02747222951651221,-0.018562974542206342,2.275449709309953,1.45196150421173
2015-02-18,0.04875384576020824,0.027980033561819162,2.386386633472761,1.4925874358300437
2015-02-26,-0.025746251920498738,-0.023193546383642398,2.32494612202766,1.4579690399054779
2015-03-05,0.10284758929548149,0.03191098551748504,2.5640612259200832,1.504494268822843
2015-03-17,-0.0234522700172499,-0.004224430710984836,2.5039281697090447,1.4981386370291272
2015-03-24,-0.02954639937795084,-0.023664917074943587,2.4299461079931195,1.4626853104170638
2015-03-31,0.022669261112114106,-0.001938012214482913,2.485031190803581,1.4598506084195308
2015-04-07,0.03272715269042487,0.0238243660569062,2.5663591860254784,1.494630623702915
2015-04-15,-0.026911962222900956,0.010540156808437643,2.497293424560766,1.5103842648474366
2015-04-21,-0.043671275275164845,-0.043769552337975116,2.3882334359739135,1.4442754217167426
2015-04-29,-0.06672839694536273,-0.021159591819061005,2.228870447260059,1.4137151433189141
2015-05-06,-0.01422107109745444,-0.014863529793414657,2.197173522162559,1.392702346166792
2015-05-14,-0.0006722581000755771,0.019385076865391825,2.1956964544650135,1.4196999881978467
2015-05-21,0.01685788403081736,0.020892338249898848,2.2327112506612616,1.4493608405646536
2015-06-02,-0.018512464188972986,-0.017349519473950456,2.191378263589078,1.424215126436496
2015-06-09,-0.03345512573230892,-0.02743604262109438,2.1180654282536566,1.385140299525977
2015-06-16,-0.0018239970761676784,0.0013901900933844808,2.1142020831053903,1.3870659078483256
2015-06-23,0.0605832151263154,0.04307378904481663,2.2422872427266682,1.4468120921542416
2015-06-30,0.006319659784842344,-0.0017512627907313857,2.256457735240593,1.4442783439720717
2015-07-07,0.05576644616251143,0.022306153221597222,2.38229236405087,1.4764946380073471
2015-07-15,0.015652584049017558,0.010295053369842643,2.419581395508509,1.4916952291059193
2015-07-22,0.01996751738881683,0.011860196867945651,2.4678944290969826,1.509387028190091
2015-07-30,-0.0014830238106381488,-0.02021104349282554,2.4642344828964906,1.4788807413158342
2015-08-06,-0.0016040714461088542,0.02598438657473355,2.4602816747259597,1.5173085501961134
2015-08-18,-0.010698146244435318,-0.010140405616224675,2.433961221567237,1.501922426052159
2015-08-25,-0.1264727305247045,-0.07550236406619376,2.126131499884383,1.3885237322411879
2015-09-01,-0.019561013178897788,-0.00689754931443235,2.084542213595075,1.3789463213237947
2015-09-08,-0.04061572708343055,-0.017670282494537927,1.999877015953807,1.3545799502811993
2015-09-15,0.07086166003899386,0.03126945475464347,2.1415916211781236,1.3969369267480645
2015-09-22,0.012362648718375367,-0.0022465899973254603,2.168067366088965,1.3937985822215377
2015-09-30,0.062007728232964944,0.02751173055665078,2.30250429811617,1.4321443932658586
2015-10-07,0.03931052859273277,0.028543055325679693,2.3930169591621557,1.4730221699172081
2015-10-15,-0.033307003815611524,-0.0023867219432441105,2.3133127341725186,1.4695064755813818
2015-10-23,0.015327236190072504,0.011559763244342667,2.348769424830683,1.486493622525131
2015-11-03,-0.02570151437268458,-0.015714702025353397,2.2884024937002754,1.4631338181845606
2015-11-10,-0.028579641573231274,-0.03237529884606557,2.223000770655033,1.4157644235690503
2015-11-17,0.01768171732397127,-0.005621033544877579,2.2623072418927253,1.4078063642525245
2015-11-24,0.017772449672273916,0.004300389010454683,2.3025139834924846,1.4138604792702043
2015-12-01,0.03167925829403523,0.015483763605969663,2.3754559187011712,1.4357523607030471
2015-12-08,-0.03329096797981224,-0.02940037243947864,2.296374691774235,1.3935407065675167
2015-12-16,-0.003123538588206208,0.0039093701996927525,2.289201876811498,1.3989885730778306
2015-12-23,0.028255323888633745,0.01794826676051384,2.353884017287275,1.424097993182342
2015-12-31,0.00087757361014965,0.00781554416569248,2.3559497237821994,1.4352280939443327
2016-01-07,-0.03954222344645786,-0.041324956318078684,2.262790233375783,1.375917355655604
2016-01-19,-0.12591609065076959,-0.0379848555091949,1.977868533226362,1.3236533337084322
2016-01-27,0.026981549838150067,0.002762963438925628,2.0312344916289176,1.3273105394752807
2016-02-03,-0.04071043078862466,-0.015495150281403454,1.9485420604419912,1.3067436631960205
2016-02-09,-0.010960550796814753,-0.006584282053776955,1.9271849662087865,1.2981396943455523
2016-02-16,-0.07580550177049544,-0.04179954441913434,1.781093742840774,1.2438780465295138
2016-02-23,0.011146692202066414,0.007097858756006736,1.8009470465752466,1.2527069172134777
2016-03-02,0.038613686955269184,0.03905019893337842,1.8704882520547197,1.3016253715358832
2016-03-09,0.041615588732657596,0.022477860244576185,1.9483297218814966,1.3308831247280613
2016-03-17,-0.01993144897620839,-0.005302825523524886,1.9094966874409853,1.3238256837254248
2016-03-28,-0.009950458769985711,0.012620389241897425,1.8904963193811797,1.3405328791424607
2016-04-05,0.01848827976191055,0.004605637363331945,1.9254483442227612,1.346706887457414
2016-04-12,0.05190527342978877,0.0175753143504211,2.0253892670045777,1.3703756843423553
2016-04-20,0.02104552720018052,0.03257845407774692,2.068014651914276,1.415020405643964
2016-04-26,-0.024079273721255595,0.003943823099965351,2.018218361051265,1.420600995806665
2016-05-03,-0.010116393867396985,-0.006636562671045374,1.997801269200458,1.4111730882674445
2016-05-10,-0.0006332732540762179,0.012810799641848584,1.9965361150897138,1.4292513439612073
2016-05-19,-0.025507267657806802,-0.009891256673573351,1.9456099340136428,1.4151142520670372
2016-05-26,0.015645385139184106,0.02729702894676542,1.9760497507619086,1.4537426667686912
2016-06-07,0.02503591299501253,0.006064901755898665,2.0255219603958,1.4625594732210014
2016-06-14,-0.010285549076294432,-0.013117087803141895,2.004688354867037,1.4433749521934445
2016-06-21,0.010051609322053396,0.011984539870087773,2.02483869902263,1.4606731368554928
2016-06-28,0.013198093843152217,-0.0070286008872882,2.0515627101895766,1.4504066483497522
2016-07-05,0.03299951934635068,0.03516112456874403,2.119263293534729,1.5014045771877123
2016-07-12,0.00673477287359118,0.020032619486597646,2.133536050476024,1.5314816437779497
2016-07-20,-0.004834013577693476,0.001720095992453848,2.1232225082395244,1.534115939215929
2016-07-27,0.029961728804390634,0.010607508343373002,2.1868379252227754,1.5503890868408634
2016-08-04,6.510100515370499e-05,-0.009178889238213655,2.186980290569816,1.536158237136616
2016-08-11,0.01861165661379947,0.0056494057432175835,2.2276836167590486,1.5448366183039866
2016-08-24,0.03684711885160821,0.0061025029797378075,2.3097673397495497,1.5542639883703948
2016-08-31,0.020284611753930225,0.014161832102409197,2.3566200734782776,1.5762752140165173
2016-09-06,0.004157466314863339,0.030028405248207764,2.366417642050694,1.6236082449257108
2016-09-14,-0.005042756566976724,-0.020971766250820725,2.3544843739460335,1.5895583123302235
2016-09-21,0.029396347177946234,0.009200635827248994,2.4236976140276,1.6041832594881502
2016-09-27,0.013129287610853385,-0.0029032128889304163,2.4555190370839073,1.599525973972998
2016-10-05,0.0052991130927014475,0.011667168120883897,2.468531110162696,1.6181879124250615
2016-10-13,-0.025039316586268782,-0.019450135483444535,2.4067207781922786,1.5867139382907218
2016-10-25,0.0527806141015985,0.016902301059174958,2.533748978836344,1.6135330549705007
2016-11-01,-0.004288543736318661,-0.00521116488762185,2.5228828855237517,1.6051246681694211
2016-11-08,-0.042589223969428186,-0.021155443340752776,2.4154352612635432,1.5711675441971182
2016-11-15,-0.11514642999041173,-0.06103678362215846,2.137306514056089,1.4752685307678006
2016-11-23,-0.04065592570052367,-0.017045129962867805,2.0504123392213796,1.4501223869307345
2016-11-30,0.04882592755020113,0.028586372981337132,2.150525623544241,1.4915761263521234
2016-12-07,-0.000631018423377971,-0.00839941680594576,2.1491686022558385,1.4790477567690938
2016-12-14,-0.012101064939505267,0.004798313059444546,2.123161373433995,1.486144690935941
2016-12-22,-0.037489028807635466,-0.02028041883161208,2.043566115542069,1.4560050541593834
2016-12-29,0.009996440591018167,0.014538572696531055,2.063994502809903,1.4771732894857963
2017-01-10,0.048265124300959604,0.016127653511896257,2.1636134540445204,1.500996628475651
2017-01-17,0.013679748407606393,0.01562631446117605,2.193211141747162,1.5244516737973768
2017-01-24,-0.008574135682982677,0.00820734043579533,2.174406251836392,1.53696336766215
2017-01-31,-0.02272243744768678,0.008755681624004672,2.1249984417931804,1.5504205295771576
2017-02-07,0.008184257579602972,0.02004346776141024,2.142389976397071,1.581496333478366
2017-02-14,-0.01834968403328437,0.00024331860269365054,2.103077797254109,1.5818811409563929
2017-02-22,0.005060290071770533,0.01634769789664895,2.1137199809517146,1.6077412559571544
2017-03-01,0.020558722360169708,0.004286676336510497,2.1571753631872443,1.6146331223542978
2017-03-09,-0.021576628136068088,-0.010009052446407568,2.1106307925514654,1.5984721747509467
2017-03-16,0.031784550219985344,0.028346303501945547,2.177716242973165,1.643782952155852
2017-03-28,-0.007101615336679564,-0.0019426048565120953,2.1622509399031307,1.6405897314099422
2017-04-05,0.03423957727173018,0.0231291313304938,2.236285498040815,1.6785351467671823
2017-04-12,0.007479379277465922,0.00012379531682316458,2.253011525453359,1.678742941557475
2017-04-18,0.0212145959683782,-0.009370145503382377,2.3008082546779516,1.6630128759323055
2017-04-25,0.016896705641081894,0.01879703909436961,2.3396843344938163,1.6942725939756453
2017-05-02,-0.01927952233239666,0.0017829542273661732,2.294576338116184,1.6972934044593848
2017-05-10,0.03460968626730343,0.0073430150552998,2.3739909052947636,1.709756655481591
2017-05-17,0.04365199014151894,0.009110357924088276,2.4776203328887463,1.7253331505761205
2017-05-25,-0.04758292520485298,-0.012046602594099043,2.3597279099028783,1.7045487477687051
2017-06-01,0.05074814364597429,0.01618309670994304,2.479479720840044,1.7321336250006583
2017-06-13,-0.008994396766545653,-0.005846916032610388,2.457178296456205,1.7220059851380185
2017-06-20,0.005479963039679641,0.005470980019029496,2.4706435427026876,1.731427045475358
2017-06-27,-0.03555942814302576,-0.02147083485880969,2.3827888711789207,1.6942518613118798
2017-07-04,0.037424608480641504,0.015110735622473084,2.4719638117748217,1.7198532532660467
2017-07-11,0.010287216034300148,0.012081156948441887,2.4973934375355213,1.740631070347042
2017-07-18,-0.009514272037702809,0.005254596308909365,2.473632556985635,1.7497773839444606
2017-07-26,0.016745623649694903,0.015177623448731921,2.515055076832549,1.776334846197077
2017-08-02,0.013065717607517253,0.004354907843977753,2.547916076233796,1.7840706207523116
2017-08-10,-0.04878405859044186,-0.03306650281338367,2.423618389087278,1.7250776445519302
2017-08-17,0.046799518964458164,0.017128063310876324,2.5370425638499774,1.754624883663993
2017-08-29,0.0002165488229030242,0.0015013523855144082,2.537591957430834,1.7572591939187647
2017-09-05,0.0275390826896238,0.02046244662731299,2.6074749121790464,1.7932170163846823
2017-09-12,0.0446146253212894,0.019219305284879015,2.7238064284205765,1.8276814016646195
2017-09-19,0.03806702474071673,0.006872388408046697,2.827493635120186,1.8402419381430217
2017-09-26,-0.04563959281296736,-0.0349249537233211,2.6984479769320435,1.775971573613662
2017-10-03,0.034807357355690564,0.0009012548240241342,2.7923738199708574,1.7775721765617112
2017-10-11,0.08462154486486992,0.012039872004420034,3.0286688064570098,1.7989739180461326
2017-10-18,0.033477966164330436,0.021865474728174333,3.130062478282541,1.8383093367878152
2017-10-26,0.007930735931111092,0.012654357024113251,3.154886177245679,1.8615719594562892
2017-11-02,0.02146318130162934,0.014384934252065775,3.222600071253907,1.8883505496985573
2017-11-14,0.013101151193829166,-0.027049977695726677,3.2648198420246497,1.837270709447498
2017-11-21,0.01918434730040515,0.014793128210793751,3.3274532797473046,1.864449690610291
2017-11-28,0.028529122322169066,0.006772156374258191,3.422382601386518,1.8770760354670413
2017-12-05,-0.004842020950488617,-0.021363042045319358,3.405811353130017,1.8369759811990976
2017-12-12,0.01936955289332244,0.011494125899618254,3.471780396279147,1.8580904144015746
2017-12-19,0.0346798753523432,0.022273794572161932,3.5921813076728166,1.8994771385884583
2017-12-27,0.010160065871106674,0.005497168851507233,3.6286781063797307,1.909918885148857
2018-01-03,0.013225931793810165,0.00011654702937518754,3.676670755516401,1.9101414805212686
2018-01-11,0.04710037705944648,0.019243565234841088,3.8498433344246634,1.9468994127094557
2018-01-18,-0.038182993909884604,-0.00036268302539817416,3.7028447898323167,1.9461933053403082
2018-01-30,-0.05365292510652228,-0.007472189397335109,3.504176335642367,1.9316509803589799
2018-02-06,-0.11242548218702171,-0.0567070886426735,3.110217621439423,1.822112676989056
2018-02-14,0.17329550521603548,0.03793763493512002,3.649204355478584,1.891239322539321
2018-02-20,-0.04698433951444541,-0.018833027759014596,3.4777488990831853,1.8556215598789978
2018-02-27,0.01478924219506082,0.014289296929518412,3.5291821698453325,1.8821370873369248
2018-03-06,-0.052848931392599476,-0.02821360423553449,3.342668663479191,1.829035216437779
2018-03-14,0.012513108373832287,0.014010925086702519,3.384495838723119,1.8546616918362293
2018-03-21,-0.006775978681648653,-0.022121935628390703,3.3615625670718026,1.8136329852769861
2018-04-02,-0.007896553992373464,0.0068790832352333625,3.3350178067621785,1.8261091175408715
2018-04-05,0.019928243846762478,0.01358105412473949,3.40147885484863,1.8509096043038742
2018-04-17,0.014209873841797878,0.010013206607633853,3.4498134402515723,1.8694431445838229
2018-04-24,0.05387821544610169,0.006441379162513571,3.635683232034304,1.8814849367008488
2018-05-02,0.02443178105748033,0.007311259125741846,3.7245094487537185,1.8952409606142486
2018-05-08,0.01268877635458391,-0.0026099846471490957,3.7717689161794894,1.8902944108043973
2018-05-15,-0.02301498656812751,-0.00909869973232895,3.6849617052355375,1.8730951895547885
2018-05-22,-0.02490766778241502,-0.023516159685668222,3.5931779032906093,1.8290471839707612
2018-05-30,0.04864358274912135,0.012953325343534048,3.7679629499616407,1.8527394272134092
2018-06-06,-0.050395628161223546,-0.00530524041058891,3.578074090210107,1.8429101991338654
2018-06-14,0.027587708402684232,0.012109641199822482,3.6767849548540235,1.86522718040887
2018-06-21,-0.027788072307952136,-0.012440349911560188,3.5746141886677494,1.8420231016200308
2018-07-03,-0.0040836792070860625,-0.007339658567545976,3.560016611032132,1.8285032809806079
2018-07-10,0.024275781247926356,0.022952324742606073,3.6464387955205324,1.8704716820785954
2018-07-17,-0.0018917223105400726,-0.0006651325705765442,3.6395407458970275,1.869227570440504
2018-07-24,0.02991247160426896,0.014535305010600857,3.748408405111252,1.8963973633110813
2018-08-01,0.018154610894103227,0.01951526098690708,3.816459301178233,1.9334060527909795
2018-08-08,0.027190703939239436,0.00964078866935351,3.920231516132727,1.9520456119579863
2018-08-16,0.026152092558195502,-0.009581413897651759,4.022753773592185,1.933342255002722
2018-08-23,0.030821313685665257,0.0192965882516919,4.146740329528263,1.9706491644471071
2018-09-04,-0.02568896678147275,-0.018437977027601984,4.040214854951618,1.9343143804235683
2018-09-11,-0.024004077232087827,-0.020288495367655573,3.9432332255391302,1.8950700520767552
2018-09-18,-0.028741222323189174,-0.018079194342383982,3.8298998827317234,1.8608087123128276
2018-09-25,-0.08669431812600736,-0.030320243896083555,3.497869323907421,1.8043885383115454
2018-10-03,-0.09060148139785276,-0.019657296255804483,3.180957181425303,1.7689191382533773
2018-10-09,-0.10127081961666377,-0.054517649916636296,2.85881904049685,1.6724818239432417
2018-10-17,0.06636266942187415,0.019574061894312825,3.048537903418302,1.7052190866822199
2018-10-24,-0.05911255944866017,-0.023171511428767236,2.868331025370994,1.6657065831266107
2018-11-01,0.08324427832365366,0.03496891258951636,3.1071031715713477,1.723954531031747
2018-11-09,-0.0011142833649059125,0.019817611855229452,3.1036409781942194,1.758119192783798
2018-11-20,-0.013601071154099089,0.014216909746393464,3.061428136413022,1.7831142146710075
2018-11-27,-0.008829068365340557,0.002650625268550192,3.034398578101054,1.7878405822651253
2018-12-04,-0.00185984686862764,0.01993108309186327,3.028755061407405,1.8234741814652569
2018-12-11,-0.031501565168170494,-0.029759390991010874,2.9333445364620534,1.7692087003370187
2018-12-18,0.061360966837369565,0.06034014627214012,3.1133373932864807,1.8759630121012971
2018-12-26,-0.02991109756771985,-0.014780955286656784,3.0202140547546583,1.8482344867000058
2019-01-03,0.010457203919958196,-0.010542375299780053,3.0517970490071518,1.8287497050992179
2019-01-10,0.040833853873382044,0.011603141500643427,3.1764136837575285,1.8499689466967442
2019-01-17,0.00702273265842031,0.003153468815697387,3.1987207878711055,1.8558027660801608
2019-01-24,-0.016888968773944496,-0.009758120852252842,3.144697692368183,1.8376936184108055
2019-02-05,0.023728170984036016,0.01898412913268599,3.219315616905799,1.8725806313690292
2019-02-12,-0.004139249128230925,-0.011988575982996932,3.205990067545021,1.850131056185573
2019-02-19,0.0034607135956765556,-0.02450373246744556,3.2170850809593783,1.8047959397550895
2019-02-26,0.007847765461432257,0.024118367020120608,3.24233201014422,1.8483246706265262
2019-03-05,0.0667789695324595,0.03085739970783238,3.458851600663759,1.9053591637778964
2019-03-12,0.011733264985369227,0.029132510682828985,3.499435223039415,1.9608670599712823
2019-03-22,0.0014874361359418626,0.001919456646118522,3.5046404094455514,1.964630859281699
2019-03-28,0.029940098906252533,0.010726259335477335,3.609569689935201,1.9857039993768362
2019-04-09,-0.022827735920865327,-0.005885948197492491,3.5271713862654006,1.9740162485009505
2019-04-16,0.021390084538106594,0.010710134070419224,3.602617880398008,1.9951582271795816
2019-04-23,-0.04096668166321546,-0.016823311644028886,3.4550305805375343,1.9615930585445913
2019-04-30,-0.003385147553869634,0.00803145828335402,3.4433347922192827,1.977347511363209
2019-05-09,-0.025153131131572817,-0.035935685851716664,3.3567241406606843,1.906290172375187
2019-05-15,-0.027101978927968038,-0.015016532702491963,3.2657502737334965,1.8776643036612761
2019-05-22,0.02613986703934891,0.03796304807427165,3.3511165516726074,1.948946163888513
2019-05-29,0.02723528407629985,0.0165603967410555,3.4423851629302016,1.981221485589465
2019-06-06,-0.008729985155636912,-0.004127914122997426,3.412333191557836,1.9730431734383143
2019-06-13,-0.0170496678566604,0.002525070712265289,3.354154044025517,1.9780252469695982
2019-06-25,-0.002101843185325429,0.008939512961508286,3.34710413820555,1.9957078293030734
2019-07-02,0.0084680629057283,0.01162688093347244,3.375447626599898,2.018911686612379
2019-07-09,-0.04446355309427328,-0.028670484604124438,3.2253632318376346,1.961028510184272
2019-07-16,-0.004344752401936531,0.007847160163500207,3.2113498271889904,1.976417014988878
2019-07-23,-0.03335893950994506,-0.02536455612026801,3.1042226025585204,1.92628607469514
2019-07-30,-0.042141288229179716,-0.024855012427506217,2.973406663136567,1.8784082103696602
2019-08-07,-0.008740343965936611,-0.012121651623843857,2.9474180661501457,1.8556388004361912
2019-08-14,0.003703976433386173,0.013151282094718678,2.9583352332065025,1.8800428297666327
2019-08-23,-0.025372086894973746,-0.02018580751589734,2.8832760946051246,1.8420926470833205
2019-08-29,0.03567667885978923,0.013144797538265649,2.986141809896459,1.8663065819759588
2019-09-11,0.010314472077930676,0.02459440261400763,3.0169422862153774,1.912207277454248
2019-09-18,-0.022848998377034337,-0.015246557184295205,2.948008176814036,1.8830526998503163
2019-09-24,0.03894127520162237,0.0515173879507911,3.062807374523984,1.9800626563202897
2019-10-01,-0.004073831754802807,-0.02515633657880159,3.050330012582804,1.9302515336907806
2019-10-10,0.024993395224173418,-0.010252901277811227,3.126568116151444,1.9104608552745055
2019-10-16,0.023381068204581478,0.0185564182052619,3.1996706185214503,1.9459121658697618
2019-10-30,0.020050694480954593,0.020122128525734147,3.263826236533111,1.985068060571183
2019-11-06,-0.013306719464551142,0.007649610522878979,3.2203954164225235,2.0002530580959594
2019-11-13,0.008708998173417474,-0.012687351079910765,3.248441834221829,1.9748751452992308
2019-11-19,0.0019846209271461683,0.007079131612682119,3.2548887598666427,1.9888555463714188
2019-11-26,0.005229571262403989,0.00728936670724909,3.271910432587563,2.0033530437766665
2019-12-03,0.01631341943188376,-0.002017853393220292,3.3252864798179202,1.9993105710394636
2019-12-11,-0.012331864576087079,-0.008845689012317108,3.2842794972721125,1.9816252914890105
2019-12-18,0.013428984224683157,0.02369178881826429,3.32838403483043,2.0285735394118998
2019-12-26,0.026109926142569087,-0.004961408452131674,3.4152878961539583,2.018508957507691
2020-01-02,0.03421586913564859,0.01658313979546095,3.532144939869327,2.0519821737284314
2020-01-14,0.040696164867848904,0.026634197535266836,3.675889692679388,2.106635072282361
2020-01-21,0.019559447738055166,-0.008763528635301348,3.747788065014206,2.0881735155022842
2020-01-28,0.010321519637672612,-0.00448916950364179,3.786470933125085,2.078799350638179
2020-02-04,0.004245035617629135,-0.010434922340676759,3.8025446371013185,2.0571072408524205
2020-02-11,0.021430857047001216,0.028325928366599758,3.884036427633878,2.1153767131992196
2020-02-18,-0.015744825950236647,-0.014168348010673824,3.8228829500964037,2.0854053197529376
2020-02-26,-0.018901560413276716,-0.03009686230635084,3.750624497062271,2.022641162991402
2020-03-04,-0.06313070945388151,-0.03787398547185309,3.513844911667622,1.9460356809694934
2020-03-12,-0.14062958589904426,-0.15089919456668321,3.0196943568263404,1.65238046411317
2020-03-19,-0.15731462263189924,-0.1384763363222741,2.544652278618529,1.4235648712322795
2020-03-31,0.08228899044883889,0.08966671857966049,2.754049145669385,1.5512112619209548
2020-04-07,0.05197147339514981,0.021760102904920142,2.8971811375724763,1.5849657786076259
2020-04-15,0.03477331289652978,0.0358160329459552,2.997925723787208,1.6417329651524482
2020-04-22,0.016299995909812907,0.02579533927440819,3.0467919008228623,1.6840820239865357
2020-04-29,0.04193242822958633,0.05057364403753774,3.1745512835346017,1.769252188797647
2020-05-06,8.692949202353337e-05,-0.028433283742882037,3.174827245665082,1.7189465393008483
2020-05-14,0.0032170433420042254,-0.004906245034164969,3.185040802517763,1.7105129663784084
2020-05-21,0.027011324032244915,-0.00584865361199271,3.2710729716904914,1.700508768539239
2020-06-03,0.034015843715660334,0.0991631995390563,3.382341278678036,1.8691366588718106
2020-06-10,0.032958322728737284,0.01101426307448499,3.493817574119437,1.8897238217547885
2020-06-16,0.018262185262018376,-0.023711722932110116,3.5576223179297015,1.8449152140751308
2020-06-23,0.08055716926068238,0.057505243918894076,3.8442143011607457,1.9510075134701999
2020-07-01,-0.023721997629542912,-0.014282092940186977,3.753021858621156,1.9231430428358154
2020-07-08,0.039441120210515566,0.026914871854817498,3.9010452448997257,1.9749041913922252
2020-07-16,0.016562782363009745,-0.006476838079047983,3.9656574082792537,1.9621130567229446
2020-07-23,0.04842870404009319,0.03963338124244278,4.157709057229213,2.0398782315408197
2020-08-04,0.06349511941083542,0.0032613081715116435,4.421703290293494,2.046530903086232
2020-08-11,0.07842800846195391,0.02380729370409746,4.768488673360882,2.095253265370518
2020-08-18,-0.029538551873314105,0.007181848923527762,4.627634423325501,2.1103010577789374
2020-08-25,0.05445080741267391,0.013557804530992772,4.8796128540862584,2.1389121070218513
2020-09-01,-0.06418032333431607,-0.0108269778746229,4.566437723364717,2.1157541529633628
2020-09-08,0.030012019595301424,-0.011903942386613322,4.703485741799063,2.090568337422249
2020-09-16,0.0852227113204928,0.04134009362060947,5.1043295493724585,2.1769926282115666
2020-09-23,-0.06482185272310365,-0.045486633791850466,4.773457451072851,2.077968561764549
2020-10-01,0.040634422555426604,0.04042181194400769,4.967424138190095,2.1619638161937553
2020-10-08,0.018505362982794926,0.026432882040225175,5.0593481249568,2.21911075072244
2020-10-20,-0.01212129030674172,-0.0013236335279450473,4.99802229757133,2.2161734613305604
2020-10-27,-0.011589457899881713,0.0015719716428644068,4.940097928570957,2.2196572231674407
2020-11-03,-0.024866762248469145,0.002289606838843685,4.817253687897027,2.2247393655254935
2020-11-10,-0.00565616599327461,0.059063766591380296,4.790006501406568,2.3561408521375466
2020-11-17,0.028516506767673814,0.026451310861423293,4.92660075422113,2.4184638662507356
2020-11-24,0.06350147053139761,0.019916381603952905,5.239447146835264,2.466630915506357
2020-12-02,0.03480035713568127,0.005905840065219003,5.421781778738657,2.481198443193262
2020-12-09,0.010317873633894735,0.029751845388026606,5.477723038002235,2.55501867565216
2020-12-17,-0.008229581608938845,0.016980523263630642,5.432643669229831,2.5984042297130823
2020-12-24,0.013179612835289869,-0.0018596288674331712,5.504243809462369,2.5935721621982473
2021-01-05,0.03058280423514393,0.025424282695366115,5.6725790203496596,2.6595118740408075
2021-01-12,0.032252577756750854,0.02475992181524606,5.855534316284801,2.7253611801087767
2021-01-19,-0.0033142790402637184,-0.0015790613959068486,5.836127441630793,2.721057667479364
2021-01-27,-0.016926798678889753,-0.03634664096112036,5.737340487361964,2.6221563614049876
2021-02-03,0.046728876112534894,0.03659221920420971,6.005439960211331,2.7181068817692315
2021-02-09,0.03317265895241321,0.021369223881945735,6.204656371870616,2.776190716260816
2021-02-17,0.028895350883002862,0.011603676237357412,6.383942094844277,2.8084047345054644
2021-02-24,0.010293902579602122,-0.01129196781888398,6.449657772842424,2.776692318621027
2021-03-04,0.04265235048258685,0.011587674891378033,6.72475083666244,2.8088677264825943
2021-03-12,0.02254846154101901,-0.007482947627247601,6.876383622275858,2.7878491163934593
2021-03-23,-0.014069501733829114,-0.01173914427607284,6.779636330979773,2.7551221533961945
2021-03-30,-0.03105954824121627,-0.00236766446812106,6.569063889299804,2.748598948568265
2021-04-07,0.09737398211498856,0.0084432163402495,7.208719798968701,2.771805964123609
2021-04-15,-0.03646597972709941,-0.019525209713731655,6.945846768921168,2.7176858713883236
2021-04-20,0.034395674759279966,-0.0010482223722970685,7.184753855312776,2.714837132257059
2021-04-27,0.054477463669155186,0.025478208935414807,7.5761610224374,2.7840063199383267
2021-05-05,0.007766656128845396,-0.0007647413966592875,7.635002459875434,2.781877275056909
2021-05-12,0.030404500612395132,0.010066059776041306,7.867140896842355,2.809879817997243
2021-05-21,0.00852616180825498,0.025620973152364262,7.934217413097174,2.88187167337552
2021-05-27,0.02427275947428008,0.011487979810881814,8.126802763981924,2.91497855697681
2021-06-08,0.047082519639070224,0.016746708853607493,8.509433114719954,2.96379485418501
2021-06-15,-0.025583604629503383,0.00824284724614809,8.291731142291756,2.9882249624369766
2021-06-22,-0.03420657675557275,-0.008105813025912869,8.008099404536381,2.964002969612097
2021-06-29,-0.020261496982186836,-0.000678224903825458,7.845843322618315,2.9619927089830935
2021-07-07,0.025275321115008655,0.008713669916563372,8.04414953201554,2.9878025357444393
2021-07-14,0.02333397587260562,0.0022082018927445063,8.231851523111223,2.994400206959017
2021-07-22,0.038909267504955734,-0.0011800078180084271,8.552146836085035,2.9908667913045597
2021-07-29,0.003884252683587952,-0.0019348656201080253,8.585365535383536,2.9850798659757416
2021-08-10,-0.05657896492286188,0.0037679002355388955,8.099614439907125,2.996327349105854
2021-08-17,0.026052470994323153,0.015860790700185375,8.310629410168005,3.043851470059263
2021-08-24,-0.04768430800638983,-4.621762100126112e-05,7.914342797646592,3.043710790485636
2021-08-31,0.04005857738260324,0.035031020567791914,8.231380111038566,3.1503350857895485
2021-09-07,0.005085967030012108,0.025167633985840442,8.273244638894806,3.229621566161451
2021-09-14,0.05231105348023051,0.008123509816189551,8.706026781655062,3.255857428656741
2021-09-22,-0.04439789014925975,0.004193475996369129,8.319497560966626,3.269510788631413
2021-09-29,0.012844086062442812,0.006430718019018746,8.426353903635965,3.2905360905732417
2021-10-12,0.007731320791399303,0.020476229710801656,8.491500748766835,3.3579138634355026
2021-10-19,-0.008770061754703996,0.017824039685051623,8.417029762810035,3.4177654533963615
2021-10-26,-0.09572722005638411,-0.03151097072910132,7.6112909024843844,3.3100683462354548
2021-11-02,-0.005479230974616749,-0.011935753387979729,7.569586881614673,3.2705601867574305
2021-11-09,0.039285192820050115,0.012877704171242206,7.866959561827028,3.3126774933167353
2021-11-16,0.01829589221558472,-0.0010648599435721445,8.010892606034579,3.309149955748129
2021-11-24,-0.020427682092743947,-0.028452620398201067,7.847248638599392,3.214995968216504
2021-12-01,0.001204076206482356,-0.017399395208187902,7.856697323971481,3.1590569827727744
2021-12-09,0.043618921374491415,0.021460212846415718,8.19939798680897,3.2268510180170336
2021-12-16,0.010147151348685875,-0.01257057104702971,8.282598519149232,3.18628765803687
2021-12-28,0.07370284610125706,0.03079306973938723,8.893049603124586,3.284403236100548
2022-01-04,0.04860317180722928,0.030327182477627876,9.325280020875462,3.384009932371881
2022-01-11,0.03471518387208002,0.017669337981377223,9.649008831458788,3.443803147599297
2022-01-18,-0.008443307377233398,0.0027397613091616905,9.567539284009142,3.453238346219459
2022-01-27,-0.06904451262833948,-0.05780981232830986,8.906953197092239,3.253607285499589
2022-02-02,0.029266393918587486,0.0418026253942519,9.167627597972762,3.389616612035337
2022-02-10,-0.0212331468411357,-0.011573566875856338,8.972970015000158,3.3503866574924324
2022-02-17,-0.03384129307431326,-0.022508304548642912,8.669313106975512,3.2749751342498827
2022-03-02,0.010319968977275674,-0.004881057083489655,8.75878014929379,3.2589897936725998
2022-03-08,-0.037845131008102044,-0.03472232003267647,8.427302967072603,3.1458301070734733
2022-03-15,0.0818116110624469,0.05265554712230885,9.116754199720152,3.311475512515259
2022-03-22,0.04964463773790629,0.035748829651410144,9.569352159310794,3.429856886506983
2022-03-29,0.00965816879399378,0.010182644339667783,9.661774577714587,3.4647818993182438
2022-04-05,0.0772179232339021,0.04258259438148208,10.407836745359818,3.612321301557214
2022-04-13,0.03695085522582481,-0.011724653433998256,10.792415214151628,3.569968086204206
2022-04-20,-0.02335995811571727,-0.019040793206747016,10.540304846781616,3.501993062120105
2022-04-28,-0.02027153786784317,-0.00216776058288671,10.32663665794147,3.4944015795984984
2022-05-05,-0.05895833546836623,-0.034759519642749356,9.717795349602628,3.37293785925279
2022-05-17,-0.007176177071835471,-0.0019994338520634984,9.64805872942602,3.3661938931160935
2022-05-24,-0.02126622854831998,-0.012839247309897587,9.442880907438434,3.322974497229309
2022-05-31,0.0072811707154196315,0.01887350673435304,9.511636135370871,3.38569067878085
2022-06-07,0.01795982890298727,-0.013031530638261707,9.682463492949603,3.3415699469686406
2022-06-14,-0.05503495684110493,-0.04223226134140281,9.149589532499547,3.2004478916776837
2022-06-21,-0.05971862581067628,-0.010934920789047127,8.603188618886925,3.1654512474927152
2022-06-29,0.03521558351397226,0.01834761424093624,8.906154926181793,3.223529725880202
2022-07-06,-0.0026663592879879695,0.01590791371195824,8.882407917274108,3.2748093586074365
2022-07-14,0.02665298979057308,-0.002496915254113984,9.11915064480892,3.2666324371656144
2022-07-21,0.030822286190851134,0.04153576133083744,9.400223715800706,3.402314502431297
2022-08-02,0.05972379785058922,0.04143594195187856,9.961640776753502,3.543292608656075
2022-08-10,0.02723284532615787,0.007340386916365225,10.232924599221578,3.569301747361508
2022-08-17,0.01289108004297897,0.02299894234798747,10.364838049303911,3.6513919124716465
2022-08-23,-0.014107928873233682,-0.01876253734788555,10.218611651321746,3.58288253534213
2022-08-30,0.04764921879792637,0.029425001679317477,10.705520513706615,3.688308859961369
2022-09-06,0.016069951576409454,-0.0007830317029960751,10.87755770996214,3.685420797193578
2022-09-14,0.02049189243722967,0.026832432787531457,11.100459452534443,3.7843096030280456
2022-09-21,-0.018848458760290662,-0.017238511391044594,10.89123290032307,3.719073738829007
2022-09-29,-0.048153777855858636,-0.044626617641286025,10.366778890664493,3.553104057106537
2022-10-06,0.055363734849888685,0.030854305769559956,10.940722488414666,3.6627326161155667
2022-10-18,-0.0010007144000472603,0.005079954206983004,10.929773949873589,3.681339130077857
2022-10-25,-0.005679252771406886,0.006744572959941095,10.867701000877918,3.706168190430953
2022-11-01,-0.017485184814903736,0.018728998311669128,10.677677240364455,3.7755810082122965
2022-11-09,0.02972605139191471,0.0019211708522661683,10.995082422757806,3.7828345443956435
2022-11-16,0.0017800237749522028,-0.0013484693438406482,11.014653930877873,3.7777335079797045
2022-11-22,-0.016237463169321564,-0.009838284397285282,10.83580389335242,3.740567091351046
2022-11-30,0.028858651844084815,0.023977781702011505,11.148510585361455,3.8302575925091893
2022-12-07,0.020742352661207688,-0.005277135860380069,11.379756923570229,3.810044802813266
2022-12-15,0.024275320413966385,-0.0061705851981513436,11.656004169122948,3.7865345967487327
2022-12-22,-0.062294856606976604,-0.0223203537804584,10.929895060797111,3.7020178049473556
2023-01-03,0.03194547089783731,0.01187626827618493,11.279055705378221,3.745983961562123
2023-01-10,-0.026785116197886035,-0.01494748614842711,10.976944887707235,3.689990918184443
2023-01-17,-0.01769891268760005,-0.004773755656108621,10.782664898563107,3.6723758031677707
2023-01-24,-0.012105646198711536,-0.0004936299009817626,10.652133772221836,3.670563008663685
2023-01-31,-0.03065801587368746,-0.033376048462255406,10.325560485944417,3.5480541198027638
2023-02-07,-0.042038205048206934,-0.002229587225067743,9.891492456998623,3.5401434236634026
2023-02-15,-0.022479666328763,0.007509604724151007,9.669135007071818,3.566728501441917
2023-02-22,-0.04462338643966829,-0.022457304525038815,9.237665459113927,3.4866293933269006
2023-03-02,0.022987600726484633,-0.008695090790475203,9.450017224332877,3.4563128341991836
2023-03-09,0.03845400479614809,0.014855438825001335,9.813408232001056,3.5076578780676964
2023-03-21,-0.0285253446970777,-0.0035057391785369056,9.533477379530085,3.4953609444196507
2023-03-28,-0.02079229055214932,-0.013843303518766524,9.335254547882553,3.446973601958407
2023-04-05,0.06534440099747854,0.029352796895720342,9.945261164472926,3.5481519180016017
2023-04-11,0.010534116657054815,0.010731233089045125,10.05002570576436,3.5862279632690197
2023-04-18,0.03162422368238677,0.0028509591272766685,10.36784996669719,3.5964521526133963
2023-04-25,0.050039662110027146,0.003940390682687838,10.886653675838174,3.610623579166287
2023-05-03,0.03322483545116127,0.0215457864680156,11.248360952831677,3.6884173038193855
2023-05-10,-0.019863149270033183,0.012414574114320105,11.024933080182368,3.7342074338021916
2023-05-18,0.016235952051350887,-0.009718063349524733,11.20393336504156,3.6979181694002357
2023-05-25,0.0038981230195238026,0.01260610873867303,11.24760767560104,3.74453452795041
2023-06-06,0.029579899388569645,0.005964806690213323,11.580310779007423,3.7668699525544636
2023-06-13,0.05239136018893791,0.010693772672309622,12.187019012130241,3.8071520035132345
2023-06-20,0.044227116990557334,0.014729279414712458,12.726015727745871,3.863228609147263
2023-06-27,0.010081323490019153,-0.0022500069444659227,12.854310809036349,3.854536317948622
2023-07-04,0.03257229595968231,0.027136267615464053,13.273005225066026,3.9591340470060015
2023-07-11,0.023296747502292534,0.005553860975293064,13.582223076390997,3.981122527085622
2023-07-19,0.03655156961954301,0.01535596001700903,14.078674648755868,4.042256485434362
2023-07-26,0.017313879389045557,0.0012681747131860679,14.322431123582039,4.0473827728934015
2023-08-03,-0.021017060155309512,-0.015614774904846966,14.021415727087438,3.9841838019409157
2023-08-10,0.015509970528332861,0.009989685374098918,14.238887471780068,4.023984544594886
2023-08-23,0.02644852623752296,0.01017008748718691,14.61548506067058,4.064908819460504
2023-08-29,0.007486845734140169,-0.0013539623309391147,14.72490894264945,4.059405086040252
2023-09-05,0.047580656877556714,0.018793717908213433,15.42552978260292,4.135696400102459
2023-09-12,0.018330528434465115,0.012082587047373985,15.70828789489961,4.185666311858208
2023-09-20,-0.08398938364016575,-0.017156745400319487,14.388958476564715,4.113853900614962
2023-09-26,0.0006900752021307179,-0.00989148592927522,14.398887939993882,4.073161772641935
2023-10-05,0.0032827341989447,-0.010828892001576157,14.446155661861273,4.029053943701047
2023-10-12,0.036128924499028194,0.013020621314507116,14.968079729069867,4.081514729357701
2023-10-25,-0.077164138100726,-0.041695135234033065,13.813080757753243,3.911335420757433
2023-10-31,0.037456988572935605,0.002404419836761925,14.330477165853443,3.9207399132313316
2023-11-07,0.0403637215313495,0.016446181777322988,14.908908555587313,3.9852211145459395
2023-11-15,0.042534297948606775,0.018632402052618718,15.543048514179196,4.059475356620744
2023-11-22,-0.008213802853943825,0.007682941469019651,15.415380977934444,4.0906640681805895
2023-11-28,0.017386417450515834,0.006472767292386332,15.683399226775553,4.117141984765249
2023-12-06,0.0416983054169731,0.047575518810654006,16.337370397709957,4.313017150707581
2023-12-13,0.021140717216893316,0.003824946466809461,16.68275412535559,4.329514210419468
2023-12-21,-0.00867565076255344,0.0018723818389538894,16.538020376806458,4.33762071419855
2023-12-28,0.013743171336228325,0.024150291946911102,16.765305224406944,4.442375520801415
2024-01-09,0.014308045711372494,-0.0019105699396824096,17.00518397792287,4.43388805167059
2024-01-16,0.04881473199556087,0.018911023122322974,17.83528747634038,4.517737411137524
2024-01-23,-0.00613628442518202,-0.03457523009103103,17.72584507958067,4.361535600656586
2024-01-30,0.06298132309866825,0.01914721356627591,18.84224225573468,4.445046854279274
2024-02-06,0.05237686355288989,0.013328106624852998,19.82913980739379,4.504290912705575
2024-02-13,-0.049615214765094486,-0.012521370187808,18.845312777242864,4.447891018754009
2024-02-21,0.07266988456443553,0.026006595949658772,20.214799481345786,4.563565523306861
2024-02-28,-0.006516635942723639,-0.005360611676097724,20.083066992470695,4.539102020677985
2024-03-07,0.019798721814555293,0.021267663705536153,20.480686049037697,4.635638115978884
2024-03-14,-0.08608338779173971,-0.025370935854522714,18.71763920963751,4.518027638693604
2024-03-26,0.03874822168310659,0.011091287691172494,19.44291444311695,4.568138383031023
2024-04-02,0.06063700963193424,0.02821759288186851,20.621874633477105,4.697040252151429
2024-04-10,0.015706404368855245,0.019053164199248167,20.945770135314337,4.7865337313261485
2024-04-16,-0.017438091903768712,-0.023533124235006152,20.580515870699514,4.673891638371803
2024-04-23,0.02070667184344492,0.014311498557308684,21.0066698592029,4.740782031811378
2024-04-30,0.01816337988065856,0.016683089095103982,21.388221983883184,4.819872920828555
2024-05-09,-0.05085191003218411,-0.031681853553826855,20.300590043810374,4.667170412802809
2024-05-15,0.04278870939747725,0.019516043411584253,21.169226091792297,4.75825511318833
2024-05-23,0.06841630975047676,0.030829597756975313,22.617546421266233,4.904950204352997
2024-05-30,-0.02196559410875886,-0.02098694481736472,22.120738576840687,4.802010285082319
2024-06-11,-0.019969854195254166,0.004534933699866984,21.678990652769844,4.823787083351246
2024-06-18,0.065924216255708,0.021856123009335465,23.108161120768518,4.9292163672158145
2024-06-26,0.004044848403710045,0.0013612242985231832,23.201630129390534,4.935926136307547
2024-07-03,0.03961484755110194,0.0184696569920845,24.120759169903394,5.027090998983413
2024-07-09,0.057153344385560155,0.01144639858284769,25.49934122558204,5.084633086270022
2024-07-16,-0.001726723881125044,0.0059347952842438104,25.45531090413487,5.114809342732528
2024-07-25,-0.06861517537499458,-0.01080817432929112,23.70869028222264,5.059527591695187
2024-07-31,0.03016861561859447,0.026772409429578124,24.42394864616732,5.1949833359002975
2024-08-08,-0.06965344824587796,-0.03825472227575667,22.722736403181525,4.996250691158248
2024-08-16,0.022019532594865946,0.015449865011869233,23.223080438055927,5.073442089902102
2024-08-27,-0.007865040282316401,0.01641649012211716,23.040429974931143,5.156730201856113
2024-09-03,0.013164214870695922,0.00777806255917755,23.34373914583436,5.196839571966949
2024-09-10,-0.002014262550244002,-0.007278414577822503,23.29671872629024,5.15901481906774
2024-09-17,-0.01443113848659418,0.013798630922044607,22.960520552067916,5.230202160477414
2024-09-24,-0.011158617023284224,0.015888288400862233,22.704312896572144,5.313301120797892
2024-10-01,-0.0007826318537756324,-0.004854508255534158,22.686543778081198,5.287507656642839
2024-10-10,0.0020960340569709237,-0.013943761138399126,22.734095546475018,5.213779912861155
2024-10-16,0.01787468115951536,0.0031782152414490117,23.14046025581822,5.230350427645772
2024-10-24,-0.07047241631506987,-0.03918869348534617,21.50969610694787,5.025379827915812
2024-10-31,0.010165650491220481,-0.004322478864833673,21.728356159743466,5.003657729821884
2024-11-12,-0.01673403464933881,-0.0056660566472083815,21.364753094893146,4.975306721681471
2024-11-19,-0.029960787731034895,-0.014629853947754392,20.72464826249108,4.90251871099799
2024-11-26,0.022325375708601162,0.02660885035479222,21.187333821379802,5.032969097740505
2024-12-03,0.028849649554713575,0.02031694253062047,21.798580977125336,5.135223641657688
2024-12-10,0.025476062155388158,0.017114114454730395,22.353922980997844,5.223108446811655
2024-12-17,0.01533460707500766,-0.009399568516270773,22.69671160649643,5.174013481097936
2024-12-26,-0.01569873133523712,-0.028019300644149342,22.34040202879268,5.029041241834171
2025-01-01,0.014406667875273532,0.0022937671503119985,22.662252781021582,5.040576691432254
2025-01-09,-0.051443481639839375,-0.021099603716407504,21.4964275961637,4.934222520740874
2025-01-16,-0.03696250979902128,-0.015059045519593769,20.701865680496546,4.859917839197232
2025-01-28,-0.15770405547874763,-0.04256901135204134,17.437097506705936,4.653035941530456
2025-02-04,0.033327587171020585,0.03836127074397547,18.018233893870264,4.8315323130649555
2025-02-11,-0.04611915045951782,-0.02788449938287075,17.187248253904077,4.696807453262975
2025-02-18,-0.07127642163851063,-0.016183423267757936,15.962202700553053,4.62079703023966
2025-02-25,-0.019191223101758664,-0.011849338934164354,15.655868507331245,4.56604364008237
2025-03-04,-0.046562791223746854,-0.02453137434955624,14.926887570597948,4.454032314251099
2025-03-12,0.027128995203990376,0.018227177714354625,15.331839031911203,4.535216752788432
2025-03-19,0.06057745868953289,0.0296160498609628,16.260602877501373,4.669531958269288
2025-03-27,0.02134004312359765,0.019943447510285085,16.60760484412295,4.76265852377663
2025-04-03,0.02235563934619422,-0.0076863968759268994,16.97887846842227,4.726050840178367
2025-04-15,0.07121575750524949,0.041571015315637366,18.18804216014053,4.922517572037903
2025-04-22,0.029394379888533165,0.0378652593588165,18.72266838082436,5.10890997660145
2025-04-29,-0.012783711060842976,0.0018303733236680615,18.48332319795592,5.118261189135643
2025-05-06,-0.027532717052914032,-0.0070458204446375294,17.974427090149035,5.082198839808236
2025-05-13,0.015443160671499737,0.005117919012754453,18.252009055680364,5.108209121877089
2025-05-20,0.009109252806603177,0.01056851638075282,18.418271220396967,5.162195313657958
2025-05-28,0.035986414556553506,0.006495113200544352,19.08107876394921,5.1957243565834865
2025-06-04,0.0415833775117013,0.0012489354416708556,19.87453446552102,5.202213480877576
2025-06-12,-0.011696859221932069,0.007310133221441309,19.642064833776384,5.24024235446917
2025-06-19,-0.015181271105181084,-0.012277378945564316,19.343873322469282,5.175905913316756
2025-07-01,0.01036731952889754,0.017367947165942258,19.544417438129837,5.265800773755129
2025-07-08,-0.02790876043997781,-0.0018166073481556122,18.998956973910147,5.256234881375602
2025-07-15,-0.01528435559901431,-0.0038847777881616057,18.708570159510533,5.235815576859073
2025-07-22,-0.02073713314029564,-0.005469281402524185,18.3206080492482,5.207179428097511
2025-07-29,-0.025554215452338238,-0.01886587277049868,17.85243928393987,5.108941443513865
2025-08-05,0.00529806474469065,-0.009077533918508587,17.947022663116844,5.0625648542726935
2025-08-13,-0.01101109741974077,-0.004798849503782771,17.749406248178968,5.038270367433899
2025-08-20,0.011828526061257326,0.019607368017587504,17.9593555625574,5.137057588700281
2025-08-28,-0.024931516475565043,-0.029287198423891332,17.51160159345897,4.986607563785059
2025-09-04,0.007148679258683985,0.01233272630885494,17.636786416556465,5.048106030078886
2025-09-16,-0.051688984785561415,0.01829011897836777,16.725158831804883,5.140436489984444
2025-09-23,0.0038231726910726146,-0.0018849516245672431,16.789102002304492,5.1307470158716635
2025-09-30,-0.0334870426318338,-0.02879760084073112,16.226884627803116,4.982993811293819
2025-10-07,0.0494493738408299,0.020911318240000767,17.029293912035367,5.087194780669738
2025-10-14,-0.06095043154262442,-0.00031477253372482725,15.991351099230625,5.085593471479075
2025-10-21,0.0018784035135761628,0.024808003778459823,16.02138930932225,5.211756893535239
2025-10-30,-0.0027959823913850986,-0.002445632276488278,15.976593786927857,5.199010852659199
2025-11-06,-0.0330522695041713,-0.01376393065814355,15.44853110332365,5.127452027792262
