Date,Mean Return,Index Return,Strategy Wealth,Index Wealth
2013-06-27,-0.023408368115964185,-0.012477950696453738,0.9765916318840359,0.9875220493035463
2013-07-04,0.03535309269729546,0.027207053419799808,1.011117166373435,1.014389614452178
2013-07-11,0.01441123737183457,0.016815288806654255,1.0256886158687795,1.031446868781662
2013-07-18,0.019832247189485057,0.01734595878755199,1.0460303260381298,1.0493383036590982
2013-07-25,-0.019378992664097615,-0.012899560546059088,1.0257593120234134,1.0358023006777486
2013-08-01,0.0209466220722484,-0.03041049513330506,1.0472455046694573,1.0043030398539217
2013-08-08,0.005614446807840862,-0.02831778066813913,1.0531252088501746,0.9758634066469929
2013-08-16,-0.0060649278563164625,-0.01038513021839305,1.04673808043483,0.9657289380935993
2013-08-29,0.09540160753140514,0.023898311501476487,1.14659857597265,0.9888082290821503
2013-09-05,-0.005417032543505875,0.0339985764598219,1.1403874141722687,1.0224263012627008
2013-09-12,0.01950391573208898,0.04608480318972993,1.1626294342002195,1.0695446161323958
2013-09-19,-0.0096193835474959,0.04526808757926409,1.1514456557490393,1.1179608554854075
2013-10-01,-0.021903442636746293,-0.012801024765157954,1.1262250318790097,1.1036498108878616
2013-10-08,0.04482964356382219,0.025665867942318742,1.1767132986308,1.1319759411886745
2013-10-15,0.018857796378102632,0.027098373928884784,1.198903518411785,1.1626506485215065
2013-10-22,-0.005879270781219732,0.018681075044547177,1.1918548399864852,1.1843702125371283
2013-11-05,0.02405083948463986,0.015929879287095137,1.2205199494319914,1.203237087054076
2013-11-12,-0.051198763440758195,-0.03759705108625244,1.1580308372662966,1.1579989208232304
2013-11-19,0.030521867221610904,0.0307907046302374,1.1933761007198695,1.1936545235564322
2013-11-25,-0.01899979461477519,-0.01418588343395101,1.1707021999080107,1.1767214796248524
2013-12-02,0.0320874406212438,0.030136101193681285,1.2082670372327184,1.2121832772116055
2013-12-09,0.031236076107823543,0.023488826523637475,1.2460085583662943,1.2406560399248832
2013-12-16,-0.026584406676892575,-0.03287292383601248,1.2128841601277962,1.1998720484177436
2013-12-23,0.04539763386905887,0.02108957382163228,1.267946231154859,1.2251768385593629
2013-12-31,0.003050443183608085,0.0011990883751955756,1.2718140290928668,1.2266459338640383
2014-01-07,-0.016539098229843195,-0.022485723350253808,1.250779371935607,1.1990639127464577
2014-01-14,-0.0072267550210709346,0.012917359730617934,1.2417402958292194,1.2145526526474062
2014-01-21,0.036149764732837986,0.011527031248748338,1.2866289153827302,1.228552839027723
2014-01-30,-0.020714727436636316,-0.039875433729321286,1.259976748088482,1.1795637617121035
2014-02-06,0.0017513159425227983,-0.006157696297149948,1.2621833654546175,1.1723003663043567
2014-02-13,0.002779242816771819,-0.005831386776667796,1.2656912795065063,1.1654642294500066
2014-02-20,0.026966769988362938,0.015055573144923338,1.2998228851172349,1.183010961404283
2014-02-28,0.05184961133217489,0.024448560913312094,1.3672181965112298,1.2119338769552914
2014-03-07,-0.04187544758769362,0.03978046662790047,1.309965322582283,1.2601451721027335
2014-03-14,-0.03294139323337833,-0.0034397432066986615,1.2668132397690106,1.255810596307539
2014-03-21,-0.003190635050879834,-0.0016912149072906737,1.262771301043285,1.25368675070633
2014-03-31,0.047625932737912706,0.02975193917517853,1.322911962090139,1.290986362658072
2014-04-07,-0.020439780814916386,-0.0013648160854389244,1.2958719315475857,1.289224403704234
2014-04-15,0.002132617872101842,0.005683303336046808,1.2986355311887594,1.2965514570587193
2014-04-21,0.027897124771773807,0.0125573658493115,1.334863728635391,1.3128327280474634
2014-05-06,-0.016017331588474924,-0.007933224996306665,1.3134827736684098,1.3024177306333478
2014-05-13,0.0714281356956159,0.058590085327535596,1.407302399459851,1.3787264966032509
2014-05-20,0.11963640347711624,0.023457007209425004,1.5756669971359436,1.4110672939738984
2014-05-27,-0.011015280021229831,0.005841522919386984,1.5583105839422808,1.4193100759124442
2014-06-05,0.072726306360983,0.021526392040018587,1.6716407568756295,1.449862701032884
2014-06-12,-0.022849002416572617,0.023521226635982828,1.633445433182137,1.4839652502149365
2014-06-19,-0.027466470125204024,-0.014274696401260124,1.588580452990489,1.4627820967980982
2014-06-26,0.018797241242958188,-0.006299149946291459,1.618441382999199,1.4535678130316163
2014-07-07,0.023810562752047782,0.033594149229166176,1.6569773831096124,1.5023991870573132
2014-07-14,-0.05358656478483069,-0.04276275659259164,1.5681856572226098,1.4381524563162738
2014-07-21,0.011684871067041747,0.030862003045283526,1.5865097044364402,1.4825367218026886
2014-07-28,0.015051173608453592,0.008393847114859061,1.6103885374294094,1.4949809083876646
2014-07-30,0.02236355099680166,0.010793700215355053,1.6464025436108767,1.5111172841404803
2014-08-06,-0.02222113503180484,-0.015318171317093137,1.6098176103725923,1.4879697307017958
2014-08-13,0.002531592096126837,0.008798169980644026,1.6138930119112174,1.5010611413185635
2014-08-20,0.0636224602070757,0.01753977944454135,1.7165728558400162,1.5273894226700626
2014-09-01,0.02296282196839369,0.012096952122797594,1.7559902127244476,1.5458661793889699
2014-09-08,0.04180753204046719,0.0182119411537551,1.8294038298056716,1.574019403279582
2014-09-15,0.011301276581139072,-0.016136727877757207,1.8500784284649006,1.5486198804945497
2014-09-22,-0.008687744573488497,0.01296941059437953,1.8340054196374764,1.5687045675793025
2014-10-07,-0.0255648464686346,-0.01885472242699893,1.7871193526618008,1.5391270783876294
2014-10-14,-0.02939124114327358,0.0014772553614182116,1.7345936968159068,1.5414007621160815
2014-10-21,0.021517939472854165,0.008106561546286877,1.771918578993986,1.553896222261669
2014-10-27,0.013984390879762146,0.008066601494749434,1.7966977810097504,1.5664308838508505
2014-11-07,0.006000412636045184,0.031143323603621455,1.8074787090780755,1.6152147477693242
2014-11-14,0.0013268873397855544,0.0063452081084322464,1.8098770296940832,1.6254636214837295
2014-11-21,-0.001201139067786084,0.010423246999368375,1.807703115685829,1.6424062302989422
2014-11-28,0.014969065177310975,0.013081918288144248,1.8347627414457581,1.663892054399652
2014-12-08,-0.023161474419061898,-0.019389664268863856,1.7922669311447144,1.6316297460852125
2014-12-15,-0.02437588112438687,-0.025911770805557982,1.7485788454879612,1.5893513300651219
2014-12-22,-0.0011021460076800563,0.012701347997469418,1.7466516562942926,1.6095382343985198
2014-12-29,-0.009020143873866624,-0.009334454589139923,1.7308966070569907,1.5945140728400424
2015-01-07,-0.007695626541100078,-0.01720059680491021,1.7175762731878228,1.5670874791733655
2015-01-14,0.030044345535486405,0.021654879599116144,1.7691797282230308,1.601022569856147
2015-01-21,0.04892411879603481,0.05459948897922704,1.855735287418151,1.6884375840145014
2015-01-28,0.020081639733819354,0.02116959734234484,1.8930014949014178,1.7241811278057702
2015-02-04,-0.03238636032750067,-0.02011176321922993,1.8316940663870431,1.6895048052162758
2015-02-11,0.0037036144565261685,-0.011038894047250718,1.8384779550112473,1.6708545406791724
2015-02-18,0.00746833137203297,0.028015392818230376,1.8522083175994488,1.717664186978423
2015-02-25,-0.017482549704726288,-0.011483690566122872,1.819826993623509,1.697939062958652
2015-03-09,0.028497097331640017,0.0031215991752104933,1.8716867805875441,1.7032393481371413
2015-03-16,-0.008972685665614068,-0.014114825705884074,1.854892723440847,1.679198421602782
2015-03-23,-0.013349619489759587,-0.00952722934270805,1.8301306113885878,1.6632003131282591
2015-03-30,-8.576642181873221e-05,-0.006853079792770394,1.8299736476345883,1.6518022686710305
2015-04-06,0.039769162007336975,0.03205238977708113,1.9027501660965258,1.704746478821141
2015-04-13,0.004203517246470337,0.020104158246631067,1.9107484092354368,1.7390189718017484
2015-04-20,-0.06336638524342685,-0.04368349558523881,1.789671189432559,1.6630525442244002
2015-04-27,-0.06495502152905433,-0.027734046708727533,1.673423058793039,1.6169293672838125
2015-05-11,0.006367149676051337,0.01156736593337838,1.68407799387973,1.6356329809636103
2015-05-18,-0.022959640089151728,0.005813639230053107,1.6454121692581907,1.6451419610277092
2015-05-25,-0.03470130007019313,-0.0004060355997682774,1.5883142278336149,1.6444739748248594
2015-06-01,-0.017436706229681558,0.00754457752157936,1.5606192592424566,1.6568808362101455
2015-06-08,-0.019811823322064867,-0.044325640797172515,1.5297005462053332,1.5834385314205757
2015-06-15,0.004493877681786655,-0.003760496758513951,1.5365748333497422,1.5774840159558625
2015-06-22,0.024994887753431772,0.04232645777960802,1.5749813488340672,1.644253326555225
2015-06-29,0.012570032730906911,-0.004154146364822728,1.5947789159394792,1.637422857575868
2015-07-06,0.024401735017573846,0.03335738233671439,1.633694288457848,1.6920429978829017
2015-07-13,-0.004471848753278182,-0.007333830078090623,1.62638865469077,1.6796338420516055
2015-07-20,0.018538540993180953,0.016998339174788685,1.656539527436599,1.7081848277882523
2015-07-27,-0.008984873719201768,-0.028180555474838664,1.641655728971715,1.6600472304874878
2015-08-03,0.01123345406382005,0.005999693833091803,1.660097193191726,1.6700070056188847
2015-08-10,0.011556295023251045,-0.002042596028350403,1.6792817661235206,1.66659585594189
2015-08-17,-0.020976174421341174,-0.005665290419442748,1.644056858894736,1.6571541064061395
2015-08-24,-0.06242389276594654,-0.07883406273223778,1.5414284298339722,1.5265139156247325
2015-09-01,-0.010940180926714895,-0.013875167819236426,1.5245649239260064,1.5053332788670395
2015-09-08,-0.04253084399874122,-0.012535561306729563,1.4597238909805568,1.4864630812627415
2015-09-15,0.027619533759005308,0.01832016388645015,1.5000407842663208,1.5136953285226324
2015-09-22,0.013291178905053495,-0.002184159098747029,1.5199780946948813,1.5103891770981088
2015-10-05,0.007005472248323861,0.02869704034056355,1.5306262590553266,1.5537328762432439
2015-10-12,-0.03316764553773733,0.0029928688433732194,1.4798589898442267,1.5583829949594767
2015-10-19,0.0053631426070249524,0.016141509897342563,1.487795684645049,1.5835376494964655
2015-10-26,-0.0007000240910051835,-0.0017522552733820341,1.486754191823304,1.5807628872995363
2015-11-06,-0.018166885588540765,-0.020834487385441094,1.4597444985221668,1.5478285028647205
2015-11-13,-0.01196516353725044,-0.024144173591642278,1.4422784168747476,1.510457462801463
2015-11-20,0.015977524622574155,0.012148539405455915,1.4653224557929712,1.5288073148085717
2015-11-27,0.017610922509926862,0.010965372841768923,1.4911281360139967,1.5455712570186713
2015-11-30,0.0035040679788123116,-0.0009379681972125119,1.4963531503677094,1.544121560333062
2015-12-09,-0.043312715308602326,-0.045657978863439745,1.4315420323647026,1.4736200907687935
2015-12-16,-0.011811608538298076,0.018180623973727373,1.414633218272291,1.500411423519191
2015-12-23,0.020059488760485477,0.014843437536286133,1.4430100374144332,1.5226826867629282
2015-12-30,0.017017548800172425,0.0038520458431594634,1.4675665311452721,1.5285481302769242
2016-01-06,-0.009623641989981354,-0.024891038722192876,1.4534431962530512,1.4905009795774657
2016-01-13,0.004119619997918928,-0.023071954527838827,1.4594308299101746,1.4561122087529552
2016-01-20,-0.05382211513813196,-0.03346821114989943,1.3808811757466097,1.407378737892465
2016-01-27,0.032872859284981,0.017573502250557482,1.4262746883262072,1.4321113113102049
2016-02-05,-0.030288951469392478,0.01021805256732786,1.3830743235094718,1.4467446999714375
2016-02-12,-0.052570413823512005,-0.06785194482648123,1.3103655339739049,1.3485802584109714
2016-02-19,0.04456637908821887,0.032918155838388787,1.3687637811051223,1.3929730335179185
2016-02-26,-0.03354652145706075,-0.025101411087612244,1.3228465175526318,1.3580074447696269
2016-02-29,-0.014214493162092428,-0.0060741847149613885,1.304042924774382,1.3497586567058035
2016-03-03,0.06720265832297295,0.06340818082889393,1.3916780758864853,1.4353443976855702
2016-03-10,0.006332433826473105,0.0014112579592272555,1.40049078520979,1.4373700388910364
2016-03-17,-0.008787018439286413,0.0035265122927005932,1.388184646856101,1.4424389420023453
2016-03-28,0.015851105820984108,0.013650491510871832,1.4101889085924824,1.4621289425350992
2016-04-06,-0.025857473159290004,-0.004803230907974017,1.3737249867390238,1.4551059996068714
2016-04-13,0.03691314000582042,0.031007242903202434,1.4244334895040152,1.5002248247865888
2016-04-20,0.0021260902519782275,0.00819061327694593,1.427461963660641,1.5125125861548898
2016-04-27,0.02024566316476655,0.008231466565589518,1.4563618777574305,1.5249627829378571
2016-05-10,-0.012981416688220214,0.008051323995501482,1.4374562373734225,1.5372407523843716
2016-05-17,0.01637962948783148,0.00037399528385605846,1.4610012379465716,1.5378156731759145
2016-05-24,-0.02192021699214101,-0.0179830814561353,1.4289757737849962,1.5101610086606705
2016-05-31,0.055268513078623537,0.05307239138710905,1.5079531400274684,1.5903088647698609
2016-06-08,0.015260633527228538,0.011474227308294144,1.530965460273661,1.6085564301746256
2016-06-15,-0.001413365669781311,-0.008032104242087128,1.5288016462504894,1.5956363372481834
2016-06-22,5.270965993345658e-05,-0.0003533741135183433,1.528882228865369,1.5950724806720107
2016-06-29,-0.0019204006810944084,3.6568865268022033e-05,1.5259461623917427,1.595130810662649
2016-07-07,0.02992096128442811,0.020163707773060317,1.5716039384387877,1.6272945621886554
2016-07-14,0.03397336021038249,0.02723707408340234,1.6249966051474243,1.6716173047345055
2016-07-21,0.008605123582080706,-0.006409807355516595,1.6389799017551796,1.6609025598390095
2016-07-28,0.009610813630822251,0.01835466093230384,1.654731832135612,1.6913878631664498
2016-08-03,-0.010639267642867253,-0.006343465823196883,1.637126697296349,1.6806586020626835
2016-08-10,-0.0036965004006314114,0.0035635499745459436,1.6310750578039086,1.6866477129812842
2016-08-17,0.008484624554814968,0.005684932305575315,1.6449141172900978,1.696236191052936
2016-08-24,-0.00031262281786018607,0.0030438135214893238,1.6443998796036126,1.7013992177069026
2016-09-06,0.03068987383938597,0.041852337265181304,1.6948663044501489,1.7726067515890875
2016-09-14,-0.051622028968579176,-0.02419769652241973,1.6073738669839546,1.7297137513605425
2016-09-21,0.02882323549837268,0.005792634015538614,1.653703582485963,1.7397333500738184
2016-09-26,0.013497599724987035,-0.006163731963108795,1.6760246115061357,1.729010100016682
2016-10-06,-0.007364372186070273,-0.009456708405836825,1.6636817424739907,1.7126593556700775
2016-10-13,-0.009128361971489588,-0.015638006556021714,1.6484950533233296,1.685876777437877
2016-10-20,-0.01107670841541266,0.01470253751450708,1.630235154293417,1.7106634440029937
2016-10-27,-0.018095599449663727,-0.00967308090213114,1.6007350719325626,1.6941160581128345
2016-11-08,-0.04284099876554865,-0.012665907790804547,1.5321579826919292,1.672658540333856
2016-11-15,-0.03049184943145369,-0.050927307735074936,1.4854396521784872,1.5874745441145726
2016-11-22,-0.020305710429760614,-0.013091281317637728,1.4552767447404664,1.56669246827298
2016-11-29,0.03429387062756233,0.017476225585144202,1.505183817151896,1.5940723392710647
2016-12-07,-0.012522677663303602,-0.008577914012836214,1.486334885385682,1.5803985238145568
2016-12-14,0.01578824393208323,0.009923414444492398,1.5098015031209162,1.5960814733538327
2016-12-21,-0.009551711337830948,-0.01480607886390991,1.495380314985682,1.5724497651861302
2016-12-28,-0.036740804482331406,-0.003281108506072199,1.4404388392060659,1.5672903868862067
2017-01-05,0.029958717981438225,0.03028416307623327,1.4835925401593506,1.6147544645504812
2017-01-12,0.002650766255679146,0.016123184026686825,1.4875251972019823,1.6407894479403429
2017-01-19,-0.013450126306152308,0.0033185840707964168,1.4675177954160314,1.6462345456658083
2017-01-27,0.023067827404022263,0.024439544285189223,1.5013702426330198,1.6864677677484161
2017-02-01,0.019490588504711467,0.02552518104112606,1.5306328322253986,1.7295151628402183
2017-02-08,-0.01379649863030814,0.006040337754118631,1.5095154584520962,1.739962018574643
2017-02-15,-0.023498758765576323,-0.005057560397078195,1.474043718841022,1.7311620555770797
2017-02-22,0.02487893373892828,0.023175581968434316,1.5107163548503513,1.7712827436967495
2017-03-06,0.0006324966229030978,0.0022082583270905775,1.5116718778429585,1.7751941935651498
2017-03-14,-0.01366340527850705,0.01378375513892522,1.4910172923278684,1.7996630356532939
2017-03-21,-0.016902437204275735,0.0037966325519973587,1.4658154661738074,1.8064956949170816
2017-03-27,-0.013216690215956624,-0.00836485227210429,1.44644223724363,1.7913846252989079
2017-04-06,0.0008829372112625759,0.013054273401439455,1.4477193549188345,1.814769849964695
2017-04-13,-0.007807834842205294,-0.012000712592920654,1.4364158012977644,1.792991318572971
2017-04-20,0.00824721742317005,-0.0015736329064125144,1.448262234721144,1.7901698084331525
2017-04-27,0.034478312836462355,0.022519810866424413,1.4981958731190936,1.8304840939378504
2017-05-09,0.014922085985514165,-0.0024625663153048497,1.5205520807609192,1.8259764054674177
2017-05-16,0.003430496971950224,0.02097275366674355,1.5257683300696623,1.8642721588205715
2017-05-23,-0.03540093104943022,-0.013256590186338707,1.471754710619462,1.8395582668152861
2017-05-29,0.013689177415506265,0.023305615188336008,1.491901821965239,1.8824303038982053
2017-06-07,0.018319996602970536,0.0028381526583684375,1.5192334582756077,1.8877729284694074
2017-06-14,0.0018769591551000848,-0.004734113556638624,1.5220849974238524,1.8788359970568849
2017-06-21,0.006457741543790211,0.001606338017186333,1.5319142289448964,1.8818540427470154
2017-06-28,-0.02519564313937446,-0.014776407573492812,1.4933166647122706,1.8540470004175602
2017-07-06,0.009853994599296761,0.015919436729164654,1.5080317990613852,1.8835623843336051
2017-07-13,0.025172292850735384,0.02244548842065021,1.5459924171355797,1.9258398620207373
2017-07-20,0.018818870886656534,-0.001860145374404951,1.5750862488254043,1.9222575199095548
2017-07-27,0.017358089810759713,0.014913959871572829,1.6024267373922083,1.950925991424315
2017-08-02,0.017268768350030834,0.009801024675344225,1.63009867351813,1.9700470652060351
2017-08-09,-0.0036207502471527625,-0.01720478103456834,1.6241964933431057,1.9361528368213712
2017-08-16,-0.010911356012491297,-0.0010849763576082075,1.6064743071699992,1.934052156768704
2017-08-23,0.004269015281203784,-0.004526487021712919,1.613332370536169,1.9252976947817746
2017-09-05,0.003130299382544108,0.006655607703512006,1.618382583859497,1.9381117209507182
2017-09-12,0.018983296425253635,0.014152649665400467,1.6491048201783698,1.9655411371497402
2017-09-19,-0.018237217320479927,0.005399755277146155,1.619029737188526,1.9761545782775123
2017-09-26,-0.03728945953315513,-0.027203610723770692,1.5586569933206598,1.9223960384000538
2017-10-04,0.0035290211645199548,-0.0005745620224583924,1.5641575268383154,1.9212915026442645
2017-10-11,-0.00832611109532659,0.007049995461376276,1.5511341774992684,1.9348365990178875
2017-10-18,0.0055719196000564315,0.02263941190609738,1.5597769724251942,1.978640161754046
2017-10-25,0.07234494130361525,0.008275510853650773,1.6726189459420255,1.9950144198881108
2017-11-06,-0.0025406971977649075,0.009460249086088644,1.6683693276731422,2.013887753230591
2017-11-13,-0.03552974500866067,-0.021704395415143664,1.6090925908806448,1.9701775371127592
2017-11-20,0.012402865994642548,0.007217639206059616,1.6290499506583096,1.9843975677475223
2017-11-27,0.016136555046823986,0.009787595581988036,1.6553372048611332,2.0038200486145157
2017-12-04,-0.025242482899805168,-0.02251702288860678,1.6135523837740149,1.9586999867152135
2017-12-11,0.027212587852615037,0.01920466046259041,1.6574613197722616,1.9963161549081594
2017-12-18,0.008962247866084891,0.006442393857928262,1.672315898948509,2.0091772098430227
2017-12-26,0.019158472338992802,0.01374082541210444,1.7043549168405718,2.036784963105455
2018-01-03,-0.02337948566101694,-0.008341998186315567,1.664507975501014,2.0197941066373146
2018-01-10,-0.0005668762783820952,0.018097901026505284,1.6635644054145244,2.056348140473155
2018-01-17,0.014055735932463141,0.014705329094636907,1.686947027403676,2.0865874166119576
2018-01-24,-0.006722161427686902,0.027570896923126902,1.675607097165512,2.1441165031964595
2018-01-31,-0.0007401255196896057,-0.00376264188954181,1.6743669375919268,2.136048960625475
2018-02-07,-0.043612866496055204,-0.04996508791497774,1.6013429958773213,2.0293210865171263
2018-02-14,-0.0035874203796206305,0.0023098876554639254,1.5955983053791483,2.034008590243845
2018-02-21,-0.001819586153471161,-0.009851536534963566,1.5926949767961784,2.013970480304628
2018-03-06,-0.025942540634195863,-0.03447415027507732,1.551376422642764,1.9445405593170368
2018-03-13,-0.012436220258248015,0.017328097177842318,1.5320831637473258,1.9782357470951382
2018-03-20,-0.04187586279327893,-0.02901163822247371,1.46792585939435,1.9208438872816491
2018-03-27,0.0002968254473647901,0.005906552025562063,1.468361577144263,1.9321894516348612
2018-04-09,0.023051648110616822,0.02242985130496035,1.5022097315197431,1.975528173728044
2018-04-16,0.03537796894757016,0.014355426881259424,1.5553548607541863,2.0038877239778645
2018-04-23,0.024990350908844064,0.005352215684319039,1.5942237245122097,2.0146129632837533
2018-04-27,-0.014466449515572206,0.01016561640858962,1.5711609674850264,2.0350927458802683
2018-05-07,0.0017076671558076415,0.0009107255446839316,1.5738439874656875,2.0369461568297424
2018-05-14,0.003208667983641636,0.008501703140310799,1.5788939302795155,2.0542636683679056
2018-05-21,0.004730069916189578,-0.026826198804434292,1.5863622089599851,1.9991555828035419
2018-05-28,0.014972155497614156,0.01635018589481481,1.6101134706280726,2.0318421482150364
2018-06-05,-0.01670246126522725,-0.009004247198158923,1.5832206127522868,2.0135469392448697
2018-06-12,0.041622438717624874,0.023571836516994543,1.6491181156830494,2.0610099385160447
2018-06-19,-0.015977555791760977,-0.012210811733077524,1.62276923898252,2.035843334176824
2018-06-26,0.021835882471965096,0.005480628731752532,1.6582038373640624,2.0470010356474604
2018-07-03,0.00848466690313494,-0.00398410083126226,1.6722731445815966,2.038845577119743
2018-07-10,0.0006794515016900282,0.023117038476995148,1.6734093730809185,2.0859776487746715
2018-07-17,-0.007595763749291929,0.005553906232158695,1.6606985508271452,2.097562973038345
2018-07-24,0.007557750033482819,0.011468879592661735,1.673249695355264,2.121619670214147
2018-07-31,-0.020054219371654813,0.022279233054280312,1.639693978901055,2.1688877292993936
2018-08-07,0.010654371344692076,0.002901422093074515,1.6571638874439225,2.175180588074581
2018-08-14,0.009451917489050377,0.004008095210918845,1.6728272637738764,2.1838989189725266
2018-08-21,0.010259880208353306,0.011875715997236514,1.6899902711094639,2.2098342823009163
2018-08-23,-4.7121547883054475e-05,0.0010241208549032802,1.689910636151982,2.212097419675301
2018-09-03,-0.028518585352651074,-0.0020248409207425564,1.641716775436529,2.2076182742992736
2018-09-10,0.004124531285215591,-0.012454294681131203,1.6484880876382801,2.1801239457677
2018-09-17,-0.0007316551424209171,-0.00527622594661704,1.64728196285174,2.1686211192381997
2018-09-24,-0.02298090950397326,-0.03606600602052254,1.6094259251359166,2.0904076168955226
2018-10-05,-0.05031218338225807,-0.0628310062590274,1.528452192850318,1.9590652028344415
2018-10-12,-0.026388717500398194,0.015126327370364734,1.4881182997203268,1.9886986644324054
2018-10-19,-0.0056333353505115535,-0.016132728574838932,1.4797352302967692,1.9566155286619726
2018-10-26,-0.026640940821238163,-0.026549102008530973,1.4403136915953318,1.9046691434000502
2018-10-29,0.055057709062875104,0.02201894317048857,1.5196140637864635,1.946607945027159
2018-11-07,0.02290494071943754,0.038086889236058435,1.554420733833916,2.0207481862154397
2018-11-14,0.008812891525062172,-0.0020852204106280537,1.568119675145502,2.0165344808528034
2018-11-21,0.007808947724728723,0.0022455868309333134,1.5803650397148319,2.021062784127129
2018-11-28,-0.010876211215566454,0.012150886080726139,1.5631766557451963,2.045620487779053
2018-12-07,-0.00824818378357251,-0.01821503658614956,1.5502832874024197,2.0083594357527805
2018-12-14,0.009599895375376576,0.01045007808335749,1.5651658447636778,2.029346948675845
2018-12-21,-0.017802379195351346,-0.004761486101920857,1.5373021688915824,2.0196842413837492
2018-12-28,0.017120703104604004,0.009847498605170136,1.563621862907239,2.03957307913366
2018-12-31,0.0011259670097347502,0.00024401697989849227,1.5653824495405726,2.0400707695967126
2019-01-04,-0.00942779741124141,-0.008649887486773375,1.5506243409351912,2.0224243869746457
2019-01-11,-0.03279889292482266,0.006301649522016188,1.4997655792102342,2.0351689966461386
2019-01-18,0.025367345304819017,0.010375221747205869,1.5378106505343423,2.056284326279381
2019-01-25,-0.002243138760340496,-0.011588940996337331,1.5343611278580642,2.0324541685504363
2019-01-28,-0.052005983516501625,-0.01103839785539699,1.4545651683343168,2.0100191308151167
2019-02-01,-0.02465409434522103,0.0031216188217960484,1.4187041814429302,2.0162936443660393
2019-02-08,0.012580028546075676,0.004585240025152334,1.4365515205439192,2.0255388346866465
2019-02-15,0.0264613118826911,-0.020029971855696545,1.4745645583645859,1.9849673488352526
2019-02-22,0.005601305074881633,0.006270747081421804,1.4828240443085938,1.997414577044679
2019-02-25,0.013400234586093518,0.008196151654288338,1.502694234352229,2.013785689834623
2019-03-01,0.012782315736550616,0.007493484934200086,1.5219021465112132,2.0288759625621067
2019-03-08,-0.017672499924845184,0.015823629585308568,1.4950063309413721,2.0609801442682256
2019-03-15,0.016593167200679264,0.035472207622741427,1.5198132209567563,2.1340876598520557
2019-03-22,-0.003562649331639297,0.0026297711092732705,1.5143986594008982,2.1396998219245913
2019-03-25,-0.008078331953427893,-0.008959666227338951,1.5021648443204316,2.1205288256934502
2019-04-03,0.021774340391616534,0.00975592835246218,1.5348734929649845,2.141216552986246
2019-04-10,-0.011230697755728424,-0.005122832028650196,1.5176357926722157,2.130247460248332
2019-04-18,0.00624326709515689,0.014545548716797736,1.5271107982790384,2.161233078460209
2019-04-25,-0.02103467372421503,-0.009444557892587298,1.4949885208965132,2.140821187531317
2019-05-07,-0.029054768984184087,-0.021351207575273996,1.451551974787858,2.095112069974791
2019-05-14,-0.02076392330197354,-0.023991337548595865,1.4214120609145346,2.0448475291018884
2019-05-21,0.04777303656934468,0.04340116110692798,1.4893172312807124,2.133596286151543
2019-05-27,0.025201990411512627,0.018417299365450772,1.5268509898631495,2.17289136767861
2019-06-06,0.003367603579153584,-0.0018162204074064097,1.5319928187214469,2.168944918033555
2019-06-13,0.012377221541971961,0.005935620052770387,1.5509546332394724,2.18181895098239
2019-06-20,0.014015877599605427,-0.006907810526227377,1.5726926235414975,2.1667473590664716
2019-06-27,0.0017711800369828979,0.0008282798402602551,1.5754781453206244,2.168542032222924
2019-07-08,-0.045248976762974,-0.023758646610190903,1.5041893713324381,2.1170204084199944
2019-07-15,-0.012817954080929507,0.002573841122627308,1.4849087410416766,2.122469282604627
2019-07-22,-0.03101017775457799,-0.020895986054960337,1.4388614570326475,2.078118194073239
2019-07-29,0.010946590209943652,-0.013837231848548412,1.4546120837716663,2.049362790813161
2019-07-31,0.01753299383761486,-0.018057045957367946,1.4801157884725549,2.012357352716128
2019-08-07,-0.016180633755851135,-0.02361036157582299,1.4561665769830276,1.9648448679987343
2019-08-14,0.012005199039934154,0.016019529270876482,1.4736481465750084,1.9963207578743714
2019-08-21,0.01278576897582444,-0.01003681070593132,1.4924898713287682,1.976284064319265
2019-09-03,-0.006944322931011202,-0.02778990775713427,1.4821255396909978,1.921363312469938
2019-09-11,-0.01392651211881692,0.02202280072977163,1.461484700400883,1.9636771138299574
2019-09-18,0.0005509926515280031,-0.017674456536513415,1.4622899677311245,1.9289701880298236
2019-09-25,0.03542799974050777,0.05530572428775037,1.51409597632845,2.035653281408291
2019-10-07,-0.020093086365139887,-0.03174181870395913,1.4836731151109717,1.9710379440057095
2019-10-14,0.010006318840683953,0.019300941903940178,1.498519221356123,2.0090808328534258
2019-10-22,0.03494263823782993,0.021796731372039056,1.5508814364004044,2.0528722280718443
2019-10-27,-0.003097360732792137,0.003348190208269449,1.5460777971380817,2.059745634764703
2019-11-11,-0.028460162628388554,-0.001295173905389341,1.5020761715953912,2.0570779059668163
2019-11-18,0.004158332765895065,-0.0024300265666117476,1.5083223041566067,2.052079152005727
2019-11-25,0.024008593670472415,0.015924102823004754,1.5445350014812134,2.084756671423211
2019-12-02,-0.015884677844634893,-0.0021161610932808176,1.5200005605629217,2.0803449904661875
2019-12-09,-0.033259194564181416,-0.0164413922658306,1.4694465661814946,2.0461412224296773
2019-12-16,0.027919093266563215,0.00975497382198959,1.5104721819129467,2.0661012764905724
2019-12-23,0.006899078712710914,0.0173221226237042,1.5208930483893246,2.101890536154934
2019-12-30,0.007112324028509937,-0.000562679659945741,1.5317101325621778,2.100707845102807
2020-01-06,-0.02762822594225773,-0.02296149052130774,1.4893916989417044,2.0524724618294425
2020-01-13,0.031937621051591446,0.02805791687685785,1.5369593266198904,2.1100605635554928
2020-01-20,-0.005323754155159868,-0.008516125892672482,1.5287769330184862,2.0920910221550906
2020-01-27,-0.024416459200950057,-0.008634264655958648,1.4914496134060868,2.0740273545854486
2020-02-03,-0.004018732927699975,-0.040107894499512235,1.4854558757346865,1.990842484258633
2020-02-10,0.024918275311618637,0.027639457118697662,1.522470874209505,2.045868289732381
2020-02-17,0.027004778299027088,0.0011885467314964278,1.5635848626342586,2.048299899801215
2020-02-24,-0.015727691994622473,-0.017964767802885626,1.5389932815072929,2.0115026677106123
2020-03-03,-0.03315451950305251,-0.04834350663018318,1.4879686987404925,1.914259575157513
2020-03-11,-0.043327266782413075,-0.07474808241840876,1.4234990819662832,1.7711723426634112
2020-03-18,-0.17709009451479413,-0.19023942476860708,1.1714114949991514,1.4342255350290576
2020-03-25,0.039928340037220664,-0.01782424900812381,1.2181840114949865,1.40866154195889
2020-04-01,0.022683109032887897,0.0670510591261966,1.245816212249848,1.5031137902975746
2020-04-08,0.14628391351252634,0.059966318544185805,1.4280590832951081,1.5932499906547175
2020-04-15,0.04204248465215656,0.020180025717959627,1.4880982353869154,1.6254018164412687
2020-04-22,-0.018746321763895502,0.02935475558244541,1.4602018670500674,1.6731150894861648
2020-05-11,0.027428897214868117,-0.030870089683746712,1.5002535939743422,1.621465876622497
2020-05-18,-0.03150943521847393,-0.045020131613126756,1.452981450543725,1.5484672694507582
2020-05-26,0.022235037334354845,0.02332473861672278,1.48528854734269,1.5845848637672475
2020-06-01,0.04164252380741301,0.0882817129155338,1.5471397110362857,1.7244747298006478
2020-06-10,-0.020991264853843655,0.0007765895353323867,1.5146632915960239,1.7258139388297562
2020-06-17,0.008770474072237657,-0.023230181442544844,1.527947606723137,1.685722967894668
2020-06-24,0.026814203111177704,0.04292516559307365,1.5689183041930492,1.758082905435594
2020-07-01,-0.0014861645443859021,0.012105421482149962,1.5665866334363194,1.7793652400064546
2020-07-07,0.054548462474861475,0.04016816596998818,1.6520415256239402,1.8508390782882618
2020-07-14,-0.0003629274095791682,-0.017806132606149206,1.6514419544725283,1.8178827922276182
2020-07-21,0.04620079733047505,0.052312783117366694,1.7277398895141571,1.9129813004702145
2020-07-28,0.03576490885241602,0.01238997513942075,1.7895323491833144,1.9366830912252173
2020-08-03,0.006300643962995921,-0.02970155902004451,1.8008075553757823,1.8791605840880694
2020-08-10,0.013623266679314953,0.0347561423482316,1.825340436940792,1.9444729568438206
2020-08-17,0.00794411402965152,-0.002045225662480027,1.8398411495147835,1.9404960708524852
2020-08-24,-0.018852501773318972,0.019502805167554333,1.8051555409809308,1.978341187650726
2020-09-01,-0.006771953316450095,-0.003721847287003532,1.7929311119284768,1.9709781038687009
2020-09-08,-0.014957808592535435,-0.013330136657875778,1.7661127915366488,1.9447046963944503
2020-09-15,0.01182986479297319,0.018065183103818376,1.7870056670696677,1.9798361428176714
2020-09-22,-0.04962619414030184,-0.03195247270391776,1.6983233769058488,1.91657548250606
2020-10-01,0.014005671583515822,0.036867677776768755,1.7221095363653995,1.9872351698299484
2020-10-08,0.0660075590811023,0.03658157388794727,1.8357817833311683,2.0599313600278104
2020-10-15,-0.021265861553640526,-0.013033816098558464,1.7967423020841524,2.0330825935055543
2020-10-22,0.011687926217352816,0.018501157927630622,1.8177424935425086,2.0706969756479174
2020-11-03,0.0005932835606659954,0.0005420467345918673,1.8188209302814513,2.0718193901818966
2020-11-10,0.0506506939030831,0.06920895585558898,1.9109454724856578,2.215207846897749
2020-11-17,0.02415017122041619,0.019246146416384984,1.9570951328390656,2.257842061461868
2020-11-24,-0.0013042899749936216,0.014055242267480613,1.9545425132771947,2.2895765786374227
2020-12-03,0.04852307352893809,0.017622971460006347,2.0493829233643797,2.329925721338249
2020-12-10,0.005079171353942752,0.02622221883827345,2.059792090401991,2.3910215434801025
2020-12-17,0.04554198288807929,0.019468330575814565,2.1535991065360793,2.4375707413024674
2020-12-24,-0.03266515009221893,0.0006222390416790463,2.08325146848261,2.43908749298456
2020-12-28,0.010327935327691372,0.009015037183846445,2.104767154920416,2.461075957428471
2021-01-05,0.014341672313415078,0.020786680421412806,2.1349530357523236,2.5122335568483587
2021-01-12,0.005761735101228224,0.025631184196626692,2.1472540695978917,2.576625077888886
2021-01-19,-0.010623517879838664,-0.002904531549873216,2.1244426775969623,2.569141189057963
2021-01-27,-0.03347893022925282,-0.03812714557731307,2.0533186094176465,2.4711871689340787
2021-02-05,0.06869086135432195,0.07009952246425649,2.1943628333334035,2.6444162093961556
2021-02-12,0.01133610081061048,0.01601755532103786,2.219238351627128,2.6867732923220076
2021-02-19,-0.014038485188360022,-0.01197298741039215,2.18808360689837,2.6546045895184585
2021-02-26,-0.011445452044904079,-0.03021008894154557,2.163040000905374,2.574408748764471
2021-03-01,0.029526811878655402,0.015995429877177926,2.2269076760981137,2.615587523380526
2021-03-04,0.0505914264984736,5.9682291269451363e-05,2.3395701121123182,2.6157436276369372
2021-03-12,-0.024577124498735378,-0.003302223032674056,2.2820702061934135,2.6071058587821843
2021-03-19,-0.008139466534241909,-0.019090609708634566,2.263495372121312,2.557334618363079
2021-03-26,-0.006270579141553797,-0.016053988062940908,2.2493019452538845,2.5162791989269326
